1000
166629 398328
736329 304590
870978 736408
657569 888089
315785 527221
769741 27463
8567 405179
249935 731909
205230 544343
397981 476246
250932 290043
540760 638806
564430 475648
766766 109220
571612 959585
450054 738241
357914 186383
559183 228892
439143 216752
633334 271281
260326 403075
298744 785245
808254 65031
517154 13484
609374 431487
6082 376658
721530 63195
15464 285960
538843 782230
911533 626807
741816 877939
881400 616082
580675 440583
844974 536170
173688 478308
807451 950366
397735 622547
735611 205989
687578 769117
735825 813304
200605 258260
189963 922135
321455 205427
724448 376650
504010 152333
3457 762178
546624 884857
378260 127299
841792 739586
179822 531832
734247 503625
482198 131982
126173 734161
854324 330103
503279 106501
143408 703884
364761 333371
142371 686216
55150 383171
62866 75512
535504 66323
837690 82129
467532 732302
725780 309325
471889 905602
357509 722488
409228 356060
854470 51753
90221 225146
381856 593500
331648 525264
813736 696409
374987 956108
898978 946490
855631 478196
22002 391136
544520 376045
989617 528404
108347 715397
354081 96588
137352 711591
819076 62932
67651 673547
114685 157872
898693 12893
267725 746693
54510 597813
959455 429497
70273 858433
892339 925905
336629 430694
317041 397501
806739 823010
925906 915086
54759 796339
528027 192111
507930 347103
771395 91933
537002 886080
766158 435696
415326 550235
698741 469836
148048 658196
415685 218322
516629 308025
144227 369611
255071 977620
767112 61810
800630 209370
493248 855389
5710 21275
563853 29992
884731 851600
638278 421733
254033 404436
373781 669359
954671 72523
139195 102719
730719 71232
837393 247349
379257 981620
616960 150680
959240 900424
212490 759870
109795 222091
131612 631857
243366 211817
178201 128097
63417 816479
66183 317450
737267 439964
986809 691938
512487 642356
311010 243207
713589 148403
490556 609198
646376 623868
759879 605616
524292 972369
881839 150439
194460 529803
782296 954179
741620 960498
598628 805037
776977 664811
638840 30597
104776 625649
722535 133615
268006 549897
376822 497947
214653 383730
107145 377381
7598 867024
982997 48243
355746 381188
198682 66558
910991 497331
537089 652611
974181 652070
974001 267510
316881 612841
298107 938009
754842 536995
71625 539200
603244 964799
37147 817897
348530 660645
195278 872480
527669 694628
920723 399767
75816 635758
466326 503160
649441 519767
672123 623622
171837 162476
891132 5071
291669 189240
459432 46512
726235 531057
102064 329479
12209 655564
663729 360739
316209 375359
749571 360230
586339 186647
759998 662156
822405 742676
681668 988198
262443 353791
611820 950633
516268 19304
955704 807937
208544 415136
370801 451131
462546 472866
296963 474755
128430 477044
351846 444639
852403 101417
321221 955095
288064 81219
133603 626821
340247 815271
615019 119043
169062 743191
69676 201682
762496 541732
525972 487392
473220 896773
454876 452118
369639 268191
926873 14421
745235 795071
975412 113990
412841 296634
69085 700905
894205 202688
844079 750805
17959 975450
869848 703374
718642 455876
421408 997490
513960 947380
1234 987180
844154 972462
439299 730145
240653 882524
260919 502240
193948 752683
616231 606789
49317 201668
824046 459875
404357 668125
210680 938668
159928 596880
158394 394922
569108 579803
908764 83068
527183 909998
70248 887689
882461 25899
134187 639466
424776 395106
141707 618724
147789 757938
225513 713459
475958 565911
689686 880315
750389 900366
335336 910317
13598 493730
305239 582706
589885 214003
665774 633421
640353 252374
37462 39166
794626 171649
678633 219402
83107 336692
354478 747249
610982 96343
460708 86940
662254 666746
483608 412643
83464 818944
839312 97062
829026 660903
679768 418912
391258 861894
568685 31612
630620 606147
587130 425246
777797 782115
161000 377256
118807 31830
124505 729789
128173 101565
816730 306780
768311 300338
235775 851775
635634 75088
465189 464660
735991 144957
399924 643602
523203 968609
191566 153824
574757 778696
95422 868906
560812 772775
246162 679619
804605 887020
409409 932779
988585 742491
239559 273249
559181 991686
125024 194815
66774 590214
659475 319118
251523 575752
962720 291079
544361 154286
961255 635470
449334 56677
504376 10146
829452 266891
206118 634058
153911 131879
83189 142496
874370 839100
415745 433551
830786 57122
144718 413913
163688 804193
733031 931563
896297 212103
738994 440659
882741 700249
76129 332075
273279 96858
858574 619083
363749 64692
769493 34012
196571 852682
176508 587293
691782 108606
537196 38921
682080 681914
452834 362120
2459 185865
810035 898757
914320 549030
855768 797061
249279 448249
645488 38910
545107 504062
657994 425208
85106 427487
975572 798029
796522 668433
901674 4656
777039 438870
43577 975471
637136 496411
853943 155948
198628 663978
571057 112948
213008 426825
426361 978640
875074 588202
533902 936534
92264 191896
878094 693723
135736 853667
8104 932258
522100 909779
936914 815491
865001 980492
307314 18490
993255 161257
174438 191884
341587 745495
821184 554596
172320 763898
49588 563746
352100 583490
16632 960716
291739 411079
654439 427475
264746 662544
876085 303198
88675 812999
635041 953676
309843 942355
972166 303099
619964 662956
11335 961551
408451 832519
32499 97123
596417 598439
660870 948517
181930 193854
425586 990021
604933 80025
933848 386031
258921 809933
689229 347596
622932 324270
817625 449128
782977 306143
268579 919293
969100 279914
880845 893903
628785 913344
991027 741555
511784 168249
206424 210066
362103 632010
716439 483389
228388 650287
869420 487309
460220 558650
351258 599504
399272 168883
48632 698602
475026 317211
617895 960478
113477 498740
854382 742263
928437 845409
170 956573
530010 206594
682991 892113
354957 399430
891854 583345
566069 761275
587006 26289
836277 938264
625793 235549
107147 190778
934151 98526
24341 68399
59004 137819
567139 913386
396434 11928
275147 912956
484853 805157
635902 167844
213623 990859
83626 621829
90556 649695
383104 677563
192336 219381
615827 818130
971283 239327
525260 905434
337853 549601
973833 913209
203772 57325
342948 600206
69253 618095
29514 70459
939605 665417
238303 669580
656276 838282
291409 746833
487977 190866
940748 680314
410247 556575
14796 381530
795902 56408
803317 650107
606009 293502
563317 326134
350827 906265
926340 936433
40712 955855
6892 496669
137624 761547
682601 793900
599829 490363
57085 604159
681229 997833
284473 91476
70761 815621
989359 383015
872029 792676
33123 994390
602530 596440
320524 469710
19057 763217
406143 59769
235424 929387
556439 373048
207286 755392
683300 807116
245755 740386
927627 926984
254571 728452
534813 841684
544073 524172
224700 932454
833200 257823
926844 435730
854263 763721
905440 873320
526938 827935
449441 762362
273674 522232
651762 997313
277625 335062
804429 523380
591800 248408
450365 362724
976860 985178
204408 520933
25702 429108
969739 375254
686931 896583
810984 57546
660304 232777
447218 703594
577064 896660
465956 367091
935244 117718
364404 212869
969133 685185
252602 560933
933593 702967
923657 910453
204497 128066
947738 746551
73526 917477
121805 760458
330412 449141
334356 507069
198270 781575
210663 775335
194587 192972
658778 129831
310690 539534
859053 796175
224719 111655
357109 674664
330974 797118
101469 51823
925184 565559
798374 998711
483036 920179
275521 329800
885672 609877
836869 83943
907804 563885
375630 102391
756857 34408
748575 583899
573942 123980
380075 315013
751987 253536
506029 82961
50654 607498
651136 492191
173057 965862
490902 172445
886041 282775
18597 288065
409004 371819
372008 316809
935704 747638
419200 692561
298398 684127
276460 872340
808107 172887
703705 560094
426423 209734
159407 477078
333584 810543
969269 506641
776405 976523
195438 178798
259298 214036
466864 668302
585855 838872
501463 37911
102863 920664
730472 401261
121143 523284
789954 929251
696172 493659
489345 122595
219746 165105
116025 553330
975648 85294
576324 268406
61817 288114
447204 837467
502150 430420
22122 604357
269293 523585
642268 888508
960601 889092
289769 81745
412377 79723
527348 624901
89735 533045
747496 309481
698150 863522
379163 190151
465168 471839
458557 43338
759954 905761
397157 778456
852534 935631
382814 638179
459217 541434
526687 936170
430527 816456
534267 359256
896180 577967
984157 502267
111013 248005
328100 809163
627879 707263
999314 93048
179103 974223
136386 455409
879985 49895
233865 248871
985527 133031
887050 961096
674466 413737
413618 621345
230193 947886
980601 642725
525853 481110
661344 153218
729115 989444
962382 356995
696708 478048
966395 392163
452272 619133
847572 848609
669028 81437
97480 654555
214469 500882
132003 405287
914619 545622
26632 661164
493508 523585
820242 535713
4695 481586
205284 250162
471031 684018
607157 167739
162066 89904
76254 130690
709037 923826
495651 378066
521615 109483
548973 736084
610365 680977
141371 524984
226599 684355
702501 236459
724292 522743
288524 245339
4329 493808
495502 991712
177826 619011
675803 856245
708916 752057
986935 417953
675883 998939
312371 197499
108422 377697
449935 718788
58674 107659
760124 801625
308366 462625
38084 32659
985368 842960
277998 506050
336769 289852
497762 514595
908864 173566
887192 134132
441975 874128
68437 634211
873067 380809
348062 497841
274858 797997
216629 333532
422008 976754
651509 730375
955731 689593
279386 457452
48905 557384
963502 385674
363589 977616
416622 272453
667534 303814
922937 625862
694294 991374
260073 83713
888535 608135
581555 163393
406132 314536
13277 344493
807642 664786
74868 763374
870731 354254
220826 919637
427990 700680
305311 791579
194648 238285
580384 378535
542100 503321
4397 752746
494696 264470
836460 899583
872605 934367
62977 795089
248903 76254
139582 56546
741041 730802
336272 611772
601408 557098
47761 29399
774130 353073
337330 485130
591358 917715
863665 649810
937388 384414
402557 432084
648884 755369
848020 37841
689736 910997
349283 938639
503603 5217
511537 760996
736020 847809
889121 853780
921259 936882
883179 695389
289955 736862
696872 397666
170929 76889
563828 108317
461304 966385
56754 110188
721754 904774
148030 927842
815771 13665
866482 835726
18882 378019
596723 754902
742181 485844
125035 663440
939078 8214
875182 745386
261428 572054
143052 432357
648943 706880
540675 110247
189618 113781
736788 427724
18555 401170
355567 350678
414835 222049
186404 433717
116420 299479
704972 374953
301675 830007
38394 240754
354573 913576
986140 616002
1982 129192
564711 167277
352424 621738
277525 542042
735519 530665
486119 754074
931835 841686
104752 863022
580087 807509
296739 212859
106988 518063
587813 408664
864422 626207
165770 218996
56135 151910
351350 574469
797454 916061
741746 149878
537800 535623
208273 273319
66288 210744
543746 514475
52430 164850
377497 632517
972359 190589
845376 595700
708652 949541
520716 573075
92100 686486
308423 664587
354748 659773
239056 152202
92186 980803
818432 146338
32778 543057
936010 615419
753801 479756
129894 322583
644606 23744
955100 133318
214333 316829
245370 439337
782722 282438
12412 874823
485276 320835
539410 840024
496960 778467
508578 105499
275622 843362
251837 824752
386420 187847
440171 656573
183955 86418
979157 828562
110162 450609
478232 840847
767438 239954
280184 550161
522392 808949
941336 7668
646136 480746
364044 143097
775565 388974
248596 567539
232336 16785
392292 135108
204633 348815
791682 388588
435233 287191
733502 61747
737800 728086
418946 21591
968040 699131
88104 6784
24432 29440
530804 670568
26538 411200
330017 802104
800174 94965
369643 32511
111751 278287
167619 832736
143455 959301
737676 578688
246492 987531
156788 500645
715617 92086
522236 200010
307569 610340
723146 332001
639780 253951
518922 182670
665151 365291
984774 465326
460257 870770
14189 88360
665409 181808
437448 808864
657462 175124
903905 420306
679007 577045
920951 910977
669131 443187
110987 976701
53527 350485
308702 209659
604436 343976
392330 785940
709268 893456
767618 169525
280578 781807
774237 945988
963615 211685
271204 621077
903161 175109
41384 98521
752154 478687
9498 421286
921875 120485
914339 491754
470970 739393
217766 591759
83370 126448
894051 792638
536256 661669
478515 816835
443476 769104
279175 923443
497141 550379
60873 400302
241841 618609
498823 510347
97296 508321
447985 535523
145158 362324
543630 132481
101718 761396
240592 701440
404196 134643
494078 940452
312664 488945
273639 272492
258049 552814
195935 755190
619546 773160
671844 377739
391769 170668
888086 5418
195341 336072
540941 856852
214748 84571
505685 832818
362319 746277
534258 766515
397272 28336
223320 709936
33633 496959
498780 291682
566126 694715
46872 185672
467876 718717
79763 375997
405737 967849
381415 117430
820273 438709
490634 35022
39632 996319
867840 401952
258948 918451
684819 172572
463139 908139
398860 496773
405099 897640
788455 971225
108708 351680
673249 92936
586749 753012
468933 992486
237213 366701
626268 573839
805410 116903
608861 361394
629574 993053
763346 888523
911504 448166
577447 374644
356305 976308
387769 277756
873948 176224
765333 982656
527904 438582
75592 631005
707946 60878
623491 461512
427579 766112
35351 749341
399367 160564
110735 28941
669969 390434
433816 97826
354952 11264
988822 711257
987572 376591
505366 377872
552815 270699
360529 597072
225634 952473
228077 449932
13351 367921
911444 957282
134033 463147
706623 49752
623711 333711
78693 810033
724145 28862
907859 79097
40126 896681
306706 544050
273272 328424
921922 826087
115476 798803
939511 341110
751277 683941
791042 280980
51862 218839
238263 702247
198338 461238
751999 822050
794949 347044
632083 35446
375906 56294
630895 932384
952975 453954
476434 226247
782378 398357
568686 897854
713512 24550
755316 464789
708491 62711
745770 276705
281550 500385
495304 996240
961623 247303
818290 272925
110699 966725
