1000
333567 783367
968931 533910
637664 763239
566286 480016
820303 659761
976601 775053
485071 395140
344442 825116
360274 965571
350364 941577
269430 116063
509347 65030
525674 84198
794317 90206
285595 584878
462951 619163
368245 948234
669425 522262
711474 235712
2278 48129
411825 978880
823182 413248
890372 683976
238364 766998
165900 588728
224928 435330
221143 734275
16713 746817
334825 327382
353375 620421
912261 332678
755936 796858
280913 425361
835472 508739
177425 837751
556868 105602
332983 896402
518850 739707
580379 273567
506706 746279
378647 247986
697961 116143
982261 231026
379312 317087
558409 732688
937508 987022
581718 693444
300232 862631
635157 135705
887722 328935
489808 444590
950889 339143
857345 986092
78850 437724
259659 101908
700355 638306
349894 914668
270801 848508
145695 650114
681947 220456
899154 135807
207478 480872
829251 24062
859856 980760
159767 747578
826047 165927
708521 776937
505070 565866
763029 100273
519942 539040
718533 220297
693698 584780
134965 964500
433288 797012
614614 631587
17468 30120
767394 224946
510992 112997
249009 887200
610109 925128
634779 436157
607408 343300
213094 112478
909166 492475
729103 429108
31515 447637
165757 725213
548769 817074
206065 498409
614087 820679
129996 631555
367151 897390
372854 878144
526739 138215
765344 136848
579695 916475
573005 187103
259775 302451
815934 685293
794926 545037
630753 342793
509026 796510
68007 57795
129937 274072
556204 744024
611104 202552
891931 978255
616294 264785
372751 143033
919352 654448
279882 499048
87275 369239
202503 347051
671691 18437
548696 466617
563475 179450
809411 588853
492312 393770
646649 622249
184194 719205
366273 311650
438110 774557
806258 54404
39342 695361
197438 475047
349809 993672
490447 953437
362911 692950
816840 34602
711388 365536
17572 274863
61338 826983
863716 553651
737105 26717
175900 921299
262275 58526
749302 700385
833083 555560
754789 388777
250921 468579
380176 117083
462251 870623
70520 825163
563574 887360
859765 274962
252896 393689
66177 830587
220672 446245
384238 474129
989315 76490
911781 251590
651368 661083
468327 803
216643 223116
905933 983916
691696 286109
100999 670299
156733 171519
495462 236659
575231 871580
511621 344480
265269 94150
175067 2294
56747 559305
992775 46062
152147 904556
814004 803516
565639 282331
804319 298634
21800 226604
282551 229848
512714 383550
900147 185799
71422 911962
422458 646653
299894 450431
507485 565163
60933 682552
83809 117680
758209 76585
680095 910357
981141 10451
230225 63133
809135 550896
878119 347287
777501 160670
577135 290215
60573 993634
992366 648347
905596 414824
295000 721842
865255 802486
287006 442540
1390 887167
560220 759600
963752 756667
186309 461246
767119 416534
524379 92606
967430 402498
439893 261283
79521 17028
67850 140094
527014 60216
788441 948963
475040 599793
670805 856647
918631 474163
299187 436374
361331 375760
195974 325083
132427 898635
786329 415898
315169 827060
508504 798951
745911 948397
576587 825432
481777 644437
481878 8792
704654 786671
957755 696046
902816 144912
69046 821448
619076 884585
774174 980407
260345 970148
821842 909125
868783 608172
841375 700304
951584 349880
15607 697495
814629 592194
39279 812759
236632 521157
821551 457638
824180 295658
153684 726997
956922 222730
64797 575998
107316 838971
556405 884013
325471 894600
793138 710606
502772 634514
927262 970708
500746 942869
668204 831727
535064 223835
644486 288048
261345 466037
745686 85525
278047 415722
328874 234970
638453 393671
327320 262121
748994 400078
662486 74465
294678 455625
301423 313802
606491 228685
284510 623589
171555 469066
455316 222971
692902 99803
27371 954247
82192 773057
556124 360240
188779 884999
111562 343584
795022 955234
122057 544017
355312 784544
134834 649990
756521 436258
480144 363012
181295 764655
986601 869202
750073 441917
92173 442975
58072 119544
913574 140265
408953 986051
16857 114085
871050 128419
974021 666072
83653 96079
210089 955318
880623 861276
605308 153496
297534 85453
32860 478829
366460 19461
348032 116533
977730 956557
75861 552155
592454 505787
692420 517759
491838 709277
631844 879240
354048 605866
545313 437701
701945 271754
909371 98920
649382 31032
768768 463268
116485 801628
942098 999297
337441 806482
632182 831523
279391 224395
383678 388197
246535 76098
905957 254725
785375 537801
133966 655775
660019 195631
93477 878316
983737 519200
493588 633120
550232 262356
96388 183069
63984 554838
182366 401425
877672 330901
749301 673416
71648 132979
61613 318183
209078 967570
572909 510805
21724 223227
166581 681743
418858 776410
76412 918947
295610 570000
68419 362195
832357 681160
545264 412693
235998 243983
330471 630023
574884 79772
303439 646532
212751 881404
964716 938181
365327 53977
965339 387051
277204 648272
585146 212414
941034 177910
647713 752996
747911 716133
115191 96620
397293 660456
25665 149643
904439 356136
296018 995675
952260 115809
642207 681364
997214 123275
619545 362541
177252 101236
265944 970808
265860 367442
699574 206894
545353 347288
959891 809616
579773 591434
422588 493418
251890 448253
159413 672681
804390 455432
668356 756650
87593 310564
954366 84807
950191 90264
963700 643796
191500 745996
614604 457361
629791 830531
180607 691496
694171 656850
501112 790296
248285 923700
283714 16527
371953 443127
689209 692695
414911 357565
965698 502505
184481 920064
103664 651025
10328 583717
294821 718181
329713 425777
691894 959504
256308 872501
167352 466831
45704 668464
257127 293989
108516 540841
310516 996822
500321 516077
689517 915232
389995 171567
934089 90828
91632 37754
741853 618312
621471 36674
336493 467536
462452 544739
943393 235112
417241 110745
701944 462945
779210 959071
273286 404078
16265 100154
400900 516586
616232 90418
948170 522579
778337 398612
613407 869969
436366 355261
4634 574189
908287 341127
41725 887091
885867 985118
122204 819460
612216 340500
798757 391426
815923 72043
311856 348540
688549 712757
381478 821133
319527 329649
343712 97864
244613 473472
484186 680979
828733 488820
771520 253372
346299 813245
140464 232166
314716 779020
567978 926932
635872 366735
834710 451795
955130 146566
316688 160032
375675 698166
981165 695202
544167 324878
793067 788780
314702 793605
469759 143435
282425 241279
913159 628724
570877 53623
377243 885593
348995 945221
328877 984867
828309 163587
953015 299791
826505 269703
459823 202181
967869 440989
897383 512037
282219 206802
300817 596921
407 286929
256708 799184
44560 169867
427909 615437
739843 805152
17382 88838
266725 346259
590058 95034
509846 543073
911178 336352
329128 371001
538533 296997
328342 952268
325386 610561
675423 626204
723834 675830
429485 496894
991367 474045
183114 419276
89483 922957
740780 106865
528147 523857
969477 634557
135244 995675
693982 46422
332027 23110
417423 386912
320108 745766
855533 645494
872679 530956
788050 112866
723138 217535
609760 714505
691581 792874
650133 297416
232183 907265
920633 276683
431123 890110
911240 566367
885786 605223
129141 734165
628333 546564
637430 464793
808682 492963
626640 197714
23919 931042
310580 263409
148578 436692
977915 356511
745919 628048
170279 978102
535314 607264
771137 482789
13727 682378
49156 415865
803953 694649
150030 948638
241213 303812
929784 566248
796775 556424
763962 337046
3818 590894
116808 152396
27586 94723
25259 773505
239123 711890
267960 290789
319155 39097
773578 332882
237827 339086
748747 41780
33735 415129
506771 791301
235294 436555
357549 32069
509331 121511
885468 513149
228757 518628
181898 256343
613351 723509
546201 852474
435400 814161
143264 270907
853258 433194
120141 91086
772281 385240
649218 806016
316721 672341
597317 552015
108896 471218
100437 134579
592729 502257
647729 337838
20885 829627
594182 634236
553136 140383
3062 504888
470896 662678
292147 324154
95873 928640
931592 384506
313880 97163
190522 630602
769504 304192
698969 394753
775410 799406
529332 884492
818015 177061
222330 838900
523040 332864
989488 592529
989599 508903
613769 460495
171581 905917
301002 783806
834557 748946
168312 664790
846109 875187
811744 131966
695731 510713
43071 471141
826472 572403
871985 644487
265817 610668
483388 305209
943532 989228
897738 933132
498131 27860
909979 186065
933777 210981
969871 284686
959928 654536
949476 322389
46075 277572
454355 741806
788286 497426
729299 131110
586182 601285
775597 368351
211953 775337
673560 671837
280918 87651
121321 779049
115511 31301
965114 565640
242282 451338
850326 202210
105874 316155
40952 151949
593727 495307
893755 898365
509086 139406
29475 611620
740691 321425
979971 468996
613114 169883
140834 894032
257534 262155
189434 889397
293456 670900
455037 52091
122238 821716
770653 228112
654223 811605
896413 764302
823265 306520
662668 848703
445927 208495
460323 702970
46272 956646
171967 175739
126529 829153
586123 900416
607660 775557
306165 417469
446458 761203
469560 85048
99271 240213
829513 269846
568171 725926
34148 391436
548799 213168
240139 994726
938016 700462
214048 984288
173460 902367
676379 299989
731520 262503
716757 855533
554412 22923
273002 870
300478 258914
602271 916101
15479 431784
185947 583650
157710 220095
975086 222861
433264 731577
733939 887632
948391 947988
871920 121851
850355 64652
938193 98228
327155 654950
953761 881567
194225 743115
398790 494703
2029 1061
927156 17508
432845 113103
601159 106907
849551 92597
329769 799167
824175 63708
686799 772566
528048 75071
410770 378404
139723 348963
992984 466878
520265 463097
864798 714491
206212 263588
725546 208241
264649 652703
742101 213846
765806 859612
320753 615357
952210 166874
414524 292737
746935 617675
581655 274983
692747 992425
169739 832470
341388 162723
299349 861654
625820 680499
576145 348384
944087 301691
72977 725088
470746 815079
938934 236553
191043 776039
368262 143253
459266 299139
952342 206201
916814 533998
997536 609561
526423 167276
442032 867812
846351 257733
245818 988524
938232 338315
336908 398671
156358 409886
123759 627105
741317 579045
863658 932360
871436 748272
591966 330702
47411 544308
53255 964226
78306 50792
90139 604730
218068 532171
988894 64419
306256 234712
52943 244488
573027 906204
159511 729385
316090 283270
872842 573759
378667 736500
506119 250104
1125 98085
580806 48536
158746 150414
529114 237052
201206 619254
358134 419274
667777 347028
45 974034
98092 569341
734874 187471
475545 894386
433209 307987
177656 306051
881746 556324
42552 904217
322780 560029
518655 419938
608565 677401
570352 654032
430805 771558
273286 788940
707184 941063
652320 223582
915097 750413
792923 649972
454236 784820
60710 887445
609159 238366
193497 7257
311042 752401
911474 633822
312430 946481
570113 437347
140234 140465
91379 571040
912024 881017
876332 135560
822081 528652
359142 253530
795417 668417
419854 249654
453237 480564
137099 62396
235283 330596
69653 62677
599349 497480
696500 911779
960313 266613
349127 100548
923430 956858
187940 351806
837876 64272
487367 659957
109276 846509
429839 904694
514927 849694
670700 484516
846610 324151
63265 81893
171100 649270
144571 770449
663102 357423
682229 623416
140388 547708
723964 580170
504566 911904
931977 342442
492528 419344
518751 601804
782205 948591
22850 297132
314637 693550
298001 677599
534054 361266
275845 705154
526888 936768
991955 189991
810543 190536
329759 467283
738244 53723
47453 759163
481979 979430
101605 974507
398774 136709
92663 180980
601652 115514
994464 432641
325416 808817
110240 859470
686435 902437
80976 213324
839205 72932
919667 166100
263468 249426
633383 1713
303149 680837
277228 301480
176619 895185
792339 575394
31894 885002
272726 633546
516 783542
582539 842285
592360 209132
701755 278795
111569 299084
8471 467127
372016 928138
633227 635484
177564 266611
153549 997065
463800 430777
814897 640419
325963 607236
732165 874209
492239 521243
24108 9107
304786 606647
367744 413498
815779 585852
208645 927349
884936 217117
910828 256952
145255 544055
408788 839172
327018 562338
352589 307170
509467 167487
463942 351782
774723 712459
742344 783314
233703 766452
308774 54841
373099 676518
984691 705231
262370 193336
148932 663658
410453 59760
920610 72061
120167 329399
427585 447186
408089 780174
270708 433908
464013 734650
302043 755089
447110 44387
54755 197165
810839 363529
252006 700290
556400 753049
405521 335122
946385 554453
998781 873191
130565 919391
461604 250733
765142 405541
214271 689583
185715 484979
639844 166081
219630 941887
921170 183092
986274 975925
380257 313465
855807 148615
13755 412207
901664 419277
263681 364401
490082 262462
237592 137000
698206 215548
387733 979700
621089 602004
669284 323157
603335 309128
489238 822965
767367 926760
522409 753641
419037 902666
67106 274844
567633 597213
203403 985649
532842 467085
350051 22925
245899 103995
676277 944105
319544 64010
923806 940633
182366 109442
780142 785701
934922 269380
125019 702289
712492 647428
972282 131530
66447 39388
922726 634080
152953 126130
619730 685796
109567 969781
708721 355466
590128 901350
815924 909672
965360 256082
366658 147726
365524 146800
449779 816798
932533 574798
519087 645025
738579 7721
292907 805026
563461 215634
955458 716414
341764 575188
402210 451331
61321 627283
323149 651450
528633 139073
77474 493993
395155 444132
158071 277031
590933 124203
93829 39818
215353 129268
684843 953932
136989 977751
275310 700450
193385 230769
933217 51501
322309 335427
502832 383631
962711 825981
551433 7696
481407 628907
18042 876562
589392 692465
153594 696677
816668 247423
736495 32022
893044 421338
502306 30033
915441 777617
246836 625178
8386 180053
676679 847047
515480 695863
747030 994543
38197 298463
518592 519604
443723 536634
396166 549467
229099 549760
246144 45768
313536 982639
594142 206580
920329 612800
752965 835771
390417 999801
977301 915155
696206 653981
762203 728039
349844 509233
238934 388041
324049 757526
