1000
157348 390184
604512 115489
476943 362497
451086 876832
322289 97729
781734 770792
545528 588474
955348 282400
981094 402119
191161 688249
388506 88992
347051 161742
452734 260643
122027 621918
19664 904593
215667 693364
811129 820179
808853 804424
182676 776292
681256 21318
874021 979342
792110 419549
567817 747458
218301 548911
149577 925815
753512 54435
14807 100563
216178 983893
877558 854557
605812 897222
275502 337831
106939 86631
158010 915792
891055 857038
208436 88664
878356 598809
68006 670466
534711 635823
934277 753012
184734 600206
195179 454599
654642 209986
555162 387172
193880 432721
241729 316044
846295 33584
653875 953234
120215 811885
385379 527623
185275 593815
616287 63632
192625 684293
734098 727336
836469 184727
996700 537555
784934 708232
992154 955928
918218 547317
343100 628450
496390 584829
460846 859037
618413 114721
812272 254981
442958 714003
782604 628234
824170 915243
208218 533147
115888 458668
776835 952357
643396 773536
6265 428330
481768 998419
384258 916338
62088 243710
61141 74830
828539 521987
933868 963305
636709 262492
734638 596019
976495 33594
740605 800665
948837 948823
333813 581077
407492 110648
533435 50888
400536 56052
995570 398656
54471 896180
831347 632912
139890 892488
707742 484781
930827 641610
964438 83888
904102 699076
679908 396949
732670 936865
197615 197859
885689 47780
778937 293181
674780 828724
860421 591669
884776 372343
506677 455599
784875 338024
88511 924765
746864 796254
925898 677692
437864 890337
761580 858319
105765 957840
255268 838436
894706 969235
552647 780395
17015 847936
589928 208148
193012 966701
799817 77788
855396 822846
49740 640271
677223 138251
565036 424087
450857 490934
618131 405074
897623 896064
263393 3389
853904 35013
358177 748610
4249 910824
45357 537616
275113 151637
745764 468125
118338 61933
62266 973734
884780 112006
614005 78355
766609 695393
502442 217467
702680 636926
622541 600303
532990 402286
603692 386894
437299 478221
135505 957900
905398 697214
495517 180511
848852 757633
648636 967190
335919 710902
457277 737051
339260 587634
815406 105870
283028 317848
323337 985708
954774 945878
102363 4116
864516 222408
391011 301815
700629 42868
259716 606027
740082 271585
786538 588934
29218 951527
72477 365137
662429 46106
618540 518042
633740 433946
623912 916768
268147 947249
418828 739273
409479 37544
743390 273995
259952 134401
92162 960581
177269 868230
82961 433703
139815 385851
538990 685386
337378 611467
566875 516160
657573 185416
34202 807665
619362 658114
240786 887509
121715 659614
626783 47546
697158 886525
837893 473462
20926 930055
434044 714547
798286 33357
148250 454453
419208 203592
139839 756587
815059 223067
789099 988984
408483 823301
313002 544197
997767 553788
431707 119482
729754 574842
167028 426913
977719 521273
416727 998645
451328 367123
229544 765966
400480 894146
736772 819689
97739 876611
92628 429150
99678 881727
934487 24513
705028 247489
568711 219147
801277 516770
338629 531031
607964 22009
474296 585683
543282 891024
100680 510962
258147 330224
793281 174980
224370 530053
994669 322109
923016 603649
751260 539047
485376 685747
563560 706756
449588 648623
925903 250865
165393 780884
298248 773357
319245 772545
875392 378879
179921 976072
889841 954420
306296 199474
129400 47019
729527 640421
369128 652544
244070 636740
191591 729446
838839 755151
436202 288427
403775 878457
55644 85520
175693 353893
375230 494938
642790 250622
873817 822711
743047 280011
293483 565695
479485 422884
612714 725365
63305 498195
377909 307376
651287 569500
553174 490127
841003 505729
294906 761130
384186 350551
846651 559880
220796 738233
571170 863586
988855 961340
202649 248254
757703 496132
813950 237188
435368 426664
962553 498674
924859 856814
322402 92499
426314 391928
582626 783670
897657 393884
544800 281844
260787 907803
358076 481583
646036 929246
861521 151244
406938 580522
399498 164641
76655 213448
918182 512023
640113 397087
527049 81324
253902 365803
173823 196568
757732 272801
980238 655389
183038 525039
453585 443825
949194 328013
441761 595231
773612 303282
746475 180550
883805 145973
345192 476812
359422 263374
505187 515887
660461 548589
113563 914363
914392 287387
627284 188476
76540 607522
360218 259578
648913 813803
703404 598108
658169 661517
193339 431781
964799 456166
612331 364956
602139 473875
358120 477913
737249 863308
993800 914063
411897 107364
344778 842641
911103 972062
31118 987643
579585 391336
763574 744850
721491 983330
342958 379660
644847 52649
811441 125998
508815 940125
490955 110955
414000 849075
588868 667602
228735 99021
581665 640632
722737 926443
999626 633840
414858 547096
137835 994443
938432 417761
739293 176275
401091 598604
72288 45938
651253 400081
688289 160069
340206 179244
787376 270559
544671 892596
938161 773407
991617 36178
930391 230706
478973 446369
864546 893831
993465 518734
404626 931897
936495 143920
624525 853939
258876 696813
899877 910129
96894 588166
586550 953453
283762 890278
740364 344786
782875 678525
634545 290844
714703 81288
521551 710028
527658 902449
603860 521123
421183 8486
969373 874031
668758 593898
727970 927634
807063 144199
354116 420309
248718 940666
890114 48832
830945 630478
393618 130172
309003 544515
421016 540058
625804 942567
766439 153462
361369 370299
674585 298904
378785 643958
172935 47544
754208 417257
491530 561271
561457 845646
497933 810175
302665 388047
859007 133610
18526 768978
263782 843881
313493 201150
900292 939297
660070 666731
609111 21439
37030 283697
320343 932167
444007 9631
496063 198216
426888 987594
275839 988345
833240 290124
314872 135905
678172 173880
785867 213050
459210 566001
56931 772703
767152 473575
228353 427222
140306 837464
965013 693688
637513 801708
142208 81521
811339 638271
796089 238228
625865 588280
226573 975458
878405 541446
627715 556577
231678 929935
769627 690888
495936 342910
979943 779440
816486 208296
723014 473144
562113 688027
683185 199626
489736 825393
281147 301075
980016 593588
539303 122234
181869 282229
614044 60274
340027 241759
133203 571705
171694 419182
778945 183983
278444 758888
963423 94930
483537 686438
84427 45650
890817 283964
245276 896905
625709 42776
197981 605725
636364 253636
244311 334585
52217 858355
911211 392244
616467 560766
480301 788161
979948 775598
972144 258393
50839 451920
869675 534376
654710 470454
96378 545527
754418 341654
442433 896479
900782 156766
502205 53499
926754 262868
388084 495324
121224 815648
887568 737691
376414 884222
42204 356363
659820 530701
131108 710659
982621 517135
761387 637331
987590 857765
699210 258360
715772 657995
154840 616554
814761 173397
186405 257868
436265 574490
753192 73841
906490 157112
811532 282904
557686 853737
639267 733859
900790 286727
444518 883411
803863 722258
37094 307805
580023 736304
82517 812147
910652 753709
945054 241765
443458 131459
499633 396076
222301 769177
469917 128791
442642 797802
411696 328
651539 567315
734187 552329
854043 695058
952092 174258
417316 505538
998415 513691
241842 597284
325839 668846
350994 270893
910612 794452
918704 410245
190528 141006
179423 176798
786149 622065
974600 714197
138745 142491
281513 872933
694820 651908
84343 163264
342518 501659
668802 340933
15350 426996
938217 857541
95843 805563
644786 6455
600016 563491
933052 306896
220849 628827
46 6998
250892 974646
721196 905990
117137 519061
295275 328309
170969 379618
491573 29839
881277 676727
370772 412979
103724 825341
786873 199567
630905 431659
722374 747273
511502 655426
570521 732351
284254 570568
255702 51498
545214 493250
957488 178704
528663 769115
507013 215984
148733 514939
245823 546362
191666 132947
475694 295390
958288 262567
11309 105545
210578 250035
369170 722081
905462 939692
970784 706068
26612 742838
757566 88178
752440 231407
266882 281103
522 773896
497087 149256
288835 259262
211970 480501
392209 687664
292244 350498
466583 819905
972395 677162
69941 341566
915595 975403
797610 886379
197823 824222
145570 955389
912400 898010
703148 695635
695466 703671
469531 708905
369279 274718
968168 581249
271571 360377
785266 563815
227227 251849
383721 715975
929011 970014
57541 844606
461769 371503
247338 659592
195725 392908
614981 624477
807270 318130
320112 502736
538153 305995
727994 907432
580713 696162
5033 852285
572891 306651
932452 316471
558501 832525
32446 3864
802539 606339
848471 264308
977842 612161
923900 173567
521421 55234
314396 328691
889716 634509
347780 427869
456856 592126
851653 553922
288288 373038
406207 377531
679690 855011
694002 238191
687537 726448
242055 6428
332787 606878
787089 310629
219039 710989
548 256812
766223 314945
585504 172291
465806 449636
600160 439014
41762 451813
992936 846402
341204 915495
740285 20894
770507 434288
259085 974396
677088 17492
497176 526228
624371 284265
353209 359762
511607 353758
616575 794182
185055 718431
966474 167213
684419 566634
606227 242533
534800 115516
605287 876004
31011 345572
896898 317870
779860 672335
808618 973301
689827 305795
499529 830550
106412 852738
190313 618019
206496 323240
412202 907903
41671 378676
591468 726090
461662 197696
484975 512814
313212 90262
388818 860575
435834 802068
178446 732047
990755 987064
705348 196935
809211 204877
27485 915624
57615 734150
533643 780464
573742 462197
688367 615413
357225 279836
857855 818888
993884 342830
848054 823448
433092 236873
684023 385279
555293 378821
117326 62401
882238 822674
259336 691449
27551 803173
607073 85166
53676 140717
381982 627418
119266 70350
242832 476492
866538 617039
295380 376774
476222 143434
716574 425666
896659 916949
810945 968305
295771 928271
30706 178009
750945 806394
869458 294848
125919 992884
380015 179595
649953 761997
807014 769219
348699 566198
245711 731589
699589 57443
624715 175811
717230 341289
601478 130241
258239 412423
98546 554010
857047 645604
248371 607992
968350 634181
419193 94270
627065 799208
273865 277018
77557 597231
562590 942609
679781 808301
190550 379371
865745 815266
555182 582975
156555 673012
713216 414794
601788 328115
485156 458835
490071 733527
583179 458422
884061 2372
69044 511126
317932 859261
304497 911842
456493 867087
854451 136274
675388 561353
515645 57485
376619 587180
156812 49527
260192 386381
464321 861980
714496 465830
837167 204567
715709 420347
179341 599770
422719 248385
110897 740652
107647 931746
168846 80492
798833 539649
733118 990573
101002 248764
48059 993974
352296 204871
43501 128840
591252 24174
507173 822100
490004 344340
543020 205714
764687 238713
805484 703759
3451 432733
960763 111098
364479 129609
707942 679664
669258 441060
670238 286612
206176 234649
280586 558472
955872 324087
203665 63477
348262 710838
885577 354618
571530 944949
76684 336218
183663 398521
556329 187114
831254 517092
814564 712086
163053 38858
391750 348663
479918 578340
635275 686095
812989 915862
760919 285214
239949 480936
348691 104563
191774 750620
975534 763305
695570 52218
615875 395585
450739 172204
99051 281994
205648 429967
510432 885053
468825 418534
233716 948743
996875 868991
151190 326216
784853 428462
611430 541155
909398 476473
162070 617525
227094 137604
380830 922664
189823 513057
834601 640562
201613 933652
438908 923613
363619 949340
808666 348796
367875 42382
813891 881102
427725 481434
723670 728931
909896 335101
270086 335646
811574 432156
953171 555020
569761 850353
994036 275936
363410 828637
916498 81375
278641 355407
4988 158612
821099 330006
507408 705326
372388 321300
586428 316466
802734 826451
45397 228982
161552 315483
564628 489478
263991 34152
44499 350104
884505 38535
626040 764268
383525 58891
845643 662166
930650 850632
820779 268101
180638 844539
973428 69379
682191 76208
902197 484925
902659 947594
230259 580563
779429 311240
586394 559772
345392 630893
909877 229897
185780 52269
994165 85657
111160 839809
747824 558162
206793 84955
826264 903783
929494 316044
489514 611686
392252 908063
612963 811264
855657 843223
391827 635086
154463 978221
711211 16207
125466 621088
246104 827599
673357 756622
913256 300870
112783 177432
375384 319576
262387 201648
739711 708234
517692 745578
836272 426297
653641 449235
237561 25651
808810 145740
177089 479625
640314 888300
495832 282132
509388 258289
109731 699098
14911 539340
516320 127694
233124 891704
963622 11864
609705 219685
720098 643749
965263 556370
70046 135257
521957 823959
160908 330768
969700 337997
326745 610014
226298 822578
892146 735686
80867 518230
951136 612130
573922 467456
739824 807046
875513 219798
818910 485218
439483 55360
645319 404747
611730 715366
540004 650040
55677 217264
980808 25377
555261 307553
151743 781559
646483 560242
33598 243702
594824 984734
855832 168746
968543 112008
975792 360408
331806 311055
361978 287642
366415 7297
692389 494498
239015 748745
144538 294693
482361 641698
836422 37622
465603 988166
819182 628439
64760 369132
872141 659584
870218 244326
828330 838761
872686 320474
715521 204493
147881 77499
492135 514297
601149 700876
525147 840164
965973 186037
651209 448334
827735 487632
2308 809690
992150 337842
438129 56910
706974 826623
716494 577193
70949 61176
932306 943635
381650 164180
664480 529532
241679 672967
560181 842828
890195 601680
199345 372520
787717 850554
337206 131804
338186 339515
941494 330336
677357 895976
903598 900684
722599 620092
994229 309900
197620 442887
769887 95623
607067 434368
141507 365099
623687 701688
207927 30235
303368 923624
402755 607437
774179 256314
739241 628717
595829 197087
475406 789538
93063 379004
206574 815662
515449 200803
125562 713069
160043 411802
808692 767110
846170 950199
132209 986209
168239 856489
16444 987959
780113 935552
595396 554292
191866 850989
699362 304047
48077 174768
609937 141140
553772 816512
956803 585573
533667 598717
298643 693710
10519 623687
977173 373041
90239 109382
875603 258478
965871 408399
246438 745985
860303 358186
816629 52169
209176 32343
872568 257253
207111 998858
914745 277236
815370 871548
