999
151660 194932
880039 724908
683857 510550
89282 593728
99067 394892
743204 417756
9140 833982
167590 165364
494404 280649
918853 712548
320361 550469
408047 901906
782520 723482
501156 349934
609045 364238
176729 760705
559170 573120
1965 759380
83670 91247
869460 699090
2491 129016
116846 11631
962998 800788
693348 973755
81438 128553
686303 918151
195374 94350
820058 977894
334184 837566
327829 943229
201804 20910
220286 277327
594030 222251
553059 194052
829851 422519
893142 832342
551535 526341
360326 30885
327129 570026
4640 408567
698579 207295
843071 893953
817997 179481
871848 668534
17047 716029
128115 735203
253291 348402
528882 847321
87005 81941
557725 433208
20812 967220
781903 88699
493561 658581
635937 337042
228607 156929
261962 927186
364225 105033
821139 698574
284514 209339
367108 817913
925368 495224
553116 178659
359978 598351
542332 963335
196644 616410
912896 217457
583630 694799
306156 593543
353380 942093
930585 581987
99023 192547
25525 979600
813932 846664
678174 98446
56004 561635
432711 497724
573211 985828
676384 933189
100531 735068
412876 297175
351478 325772
514632 451460
20571 337141
45003 890303
795586 975589
988642 410961
684488 14167
390561 498421
377184 585088
113219 949540
146723 545931
447264 719934
48111 640000
169475 148642
375069 582351
445817 242899
424476 476802
694360 445047
330295 739363
851703 125881
231304 840345
536843 432145
854513 443756
446918 748049
28844 560137
697589 691919
622420 144853
928205 186883
301206 614032
851877 192627
196384 814047
435526 137212
290849 646238
582259 621144
385602 950314
747025 133258
790660 800220
81755 161525
243977 528673
909574 272821
605163 123515
481093 227583
268368 409298
930819 85926
23331 782696
278553 736067
596743 714080
873279 887592
360318 971890
25088 262272
922205 288466
911883 712865
88686 993638
390742 332663
38664 816668
121837 643827
940183 602930
387762 724903
528580 318581
810830 551911
101278 89383
804330 698021
319815 677609
101966 196486
649500 643406
975110 88057
931872 886993
317274 536911
396984 708016
869574 435648
41036 507763
595827 981219
627045 983589
706122 155626
302171 516952
223889 403449
122688 28220
617822 442503
705829 236140
638989 871681
879547 614100
476090 811419
17445 793364
348330 930781
17732 734257
366429 58768
758372 478608
556339 385418
462198 262462
541044 764369
295766 281285
684170 418454
309505 301992
377310 531687
54485 16299
919720 934032
146751 395811
745451 164197
705527 610134
611330 723260
344391 494112
298380 102763
972720 854720
4533 434918
633534 61929
199287 929300
343215 399809
864107 652720
218154 241417
184407 272639
774068 620480
206671 920820
16291 952122
601369 721818
78608 212699
961430 422999
706811 259811
42115 679532
114531 563000
114450 748065
624930 830090
193717 968145
229899 57824
137217 448053
299241 837977
720692 73310
458457 443715
510482 474748
912190 111851
712918 990798
840902 674349
930150 547714
934160 488617
743598 565043
51617 858048
313108 676547
204490 506825
161044 950742
81002 298262
398795 380243
136239 635840
969905 594696
79555 480387
585796 991745
592238 298714
498896 433141
973063 429046
497207 423575
917663 240805
988618 969280
615205 301726
645828 819696
324904 806872
770438 405906
621486 685585
302501 757725
837777 272407
352421 433685
269146 938217
941782 861385
753284 440678
810878 726347
869724 824437
666275 787387
65242 654893
273020 196799
472972 435200
16495 314228
758424 303285
720134 379911
505223 538987
137636 859352
811394 6410
293037 80541
460979 234820
458278 214263
675498 785508
456963 545223
609945 123238
848962 191539
294483 121982
388338 767455
557182 921186
81683 315607
740823 318169
695518 762398
857157 349506
621751 668551
355916 914788
265444 816896
149608 240074
547511 341459
25582 520826
886682 151879
644064 251996
859770 938548
373979 248109
222355 931161
685647 304039
763120 426470
622208 458638
705221 995717
808145 326972
180621 680413
241760 446065
13661 907721
202492 561173
249180 744426
81999 652214
896306 242416
420562 756076
697316 794541
520537 919671
242055 206184
740062 5175
149007 878623
980166 854228
874340 788311
697552 571313
985076 939312
533731 998738
363385 736223
76263 128917
480649 158262
297483 893307
917030 718046
649384 130698
512587 686273
566722 270994
408810 823136
276170 74169
701759 772688
928397 92452
77351 625949
180117 62427
81613 713848
61165 961351
450071 137428
90268 930721
812043 387752
824028 245425
105798 989764
376124 134737
676038 459198
405732 601200
282334 198254
675369 500446
970942 120118
109250 564645
262419 289367
627072 344032
3216 204590
305383 453287
342018 912004
900360 670413
299756 240741
915839 921906
746857 808315
56643 422895
267513 978727
540447 66199
693333 215816
566645 180627
335934 675895
745272 598353
965263 372345
458738 968479
576935 280473
938118 435305
192477 838479
105719 492233
595572 537910
930491 342429
862577 987135
281677 646442
482214 822124
712641 691900
37941 279287
872527 890227
471534 617800
488581 436797
506497 947319
921628 599784
227792 859747
551441 420270
214578 173512
428855 326502
711422 875699
668931 90351
379186 466960
736793 861400
289085 449435
553300 843378
245074 942180
733605 716608
76332 222186
153406 582829
685857 591386
698965 430002
967485 250406
366624 698415
423919 311831
24917 651693
187530 210201
742045 566716
677161 478838
428117 966246
444625 497769
325976 689699
439949 59582
406308 516281
798120 76066
615462 330
667452 314427
430332 634938
81186 796956
849705 505105
108787 874623
156798 296318
84824 898843
863034 761985
894034 807503
244584 338659
305273 570560
28359 261574
146494 951019
294208 460967
27085 909670
461297 210889
740450 407981
362179 821636
204937 211885
326741 830076
86508 999891
642746 687684
415087 505781
966021 309121
829636 210605
164132 651261
297518 192491
912836 960364
143510 207044
421331 686947
633066 398980
897837 373516
806961 260016
711504 528250
471901 554597
874679 74761
554489 517425
762445 969576
539558 728467
795049 369195
455424 959181
536808 752942
668025 965996
229659 327887
689392 167342
14835 322459
566323 912672
212327 889636
172688 923832
934239 160942
478429 808918
235703 549270
842695 998149
35198 382254
726616 830247
267801 182040
305781 804609
451335 973806
770606 197346
301693 459998
364688 316528
298809 447363
745552 511137
853352 434593
951321 787591
595535 946102
112861 831238
495373 955556
829387 530571
854162 72355
877171 121963
770748 182952
442925 222083
156758 729883
419429 974803
706233 300469
807684 5043
747833 553236
32532 601185
987829 500205
905128 583364
446307 17989
930955 941680
489897 760342
988604 344060
349050 865775
982375 119798
48727 425300
858233 721837
155183 794014
212992 377769
94483 20676
382812 358668
90265 931696
959853 78094
431901 381333
177811 878208
399322 108766
336241 405572
385460 324845
749632 734510
706972 732007
370660 755699
673660 228893
993888 345195
22907 723232
722964 633743
743909 622128
992411 834174
70176 468617
428620 502077
849950 606431
896638 765625
715197 232879
171197 100658
74076 437181
351520 781048
685540 722181
53099 359200
467426 563339
220748 6686
286571 460064
640429 546832
82193 149192
381006 152369
617809 325979
170799 984112
932410 67437
749737 163960
816668 437286
780970 890744
874467 648842
188144 560007
371023 241243
435560 838450
320934 172660
361488 607505
632724 1917
154338 714917
151109 51696
383639 285271
377675 70790
269383 826438
138227 535472
506750 471247
972758 804072
361991 363577
452914 66487
439936 823938
307730 391848
178740 628664
564508 540228
752521 197233
58497 423211
428502 725958
474908 328493
11229 368935
399283 796964
711725 537510
848788 218475
525109 337898
22547 887100
701475 475462
469939 657764
815752 777669
49612 510844
922685 130473
567424 191559
327706 625921
614770 272560
351879 89678
601054 879461
974966 337
676425 686691
54200 525214
421519 579309
379464 960418
982762 80940
952232 452701
255056 284336
746723 304668
795180 185760
951493 362604
377319 279199
504877 992090
551760 856757
81768 669166
736218 573086
669503 928995
776130 240055
970561 714001
819365 350026
190771 802127
947318 143004
771180 202374
943692 517903
23394 255225
703664 974888
617829 80983
770439 639059
73073 838551
495816 671194
507717 748386
760632 693573
193733 536762
933628 680647
767115 752993
547025 957887
71472 494343
100891 359005
213069 560935
876908 752815
816160 96924
727703 433990
177908 14495
589401 767333
853046 85217
954879 877116
349955 231864
570689 60040
768626 504317
740687 535742
773663 287712
9981 361487
298407 110872
720492 27828
671807 113753
780644 4320
210677 24699
954662 904937
39194 544063
188623 892241
145632 659854
285709 495587
891718 856398
555627 176697
877067 812667
228791 167082
616731 238772
44922 915139
865996 765414
942967 537803
879167 239963
542123 606197
264663 496785
511134 303857
557200 699757
712450 702832
359612 998159
198419 767682
370909 270399
944379 247977
83066 173170
931411 216149
411942 976333
131288 277938
741748 590608
332094 137267
830571 390569
743464 95234
403707 770951
915444 960907
987060 627894
663740 863024
142406 378511
630707 513315
648910 575086
277644 248328
264609 209056
464478 676551
185389 112118
954490 443489
219078 802936
580757 49650
193505 840573
661236 597212
127876 576680
74472 631289
720927 738212
10665 379685
633075 641372
893000 798338
732811 686997
563018 513772
896053 543848
190323 597794
655967 661165
41284 875045
464101 138393
441047 173959
495318 618636
287523 623195
711668 361995
770836 432595
616559 781501
328632 249635
939226 221633
564325 672037
908630 127343
702161 321035
671192 892484
918829 843511
70002 960113
234908 50455
614858 675956
224414 110177
810944 511938
249724 522612
390285 20560
471560 523197
802061 800192
289184 741287
538177 853509
929676 963159
980852 631837
284194 168396
40674 719376
11907 110676
195841 246816
161131 810700
439124 901898
920877 250068
930188 170601
772680 320473
707513 244240
360022 509574
560785 649206
250862 98962
502715 696890
62122 999920
328728 346316
168316 369402
582044 180224
996430 777886
427040 157561
588586 382516
59459 25815
632584 989647
712768 405264
826473 420281
165857 186495
929855 726642
352054 697069
825604 854769
393960 404078
371041 239040
750395 539358
124794 332439
235934 121224
626677 662974
278785 215263
561842 854597
757430 194426
360596 470198
116042 703421
890479 798251
406269 336687
524893 758323
33756 866850
129444 944068
270928 500486
183108 537675
556196 307902
386467 792130
429126 13144
971456 224264
744760 533298
595213 502190
727724 472161
488741 360118
691935 379220
158370 98204
232259 199615
372879 266016
66465 502323
726436 853746
519161 909545
907773 75357
217447 294240
867487 162926
823737 355295
903542 568497
888593 498755
587039 132669
487268 75780
492788 179203
971353 651158
793759 203612
367125 166638
985980 433591
668962 712417
803689 188123
621962 711462
779833 355761
5703 647320
35039 829440
518968 938581
914289 407561
953688 501328
56583 957309
93461 65723
136512 64814
233233 930272
784778 600358
613262 770759
33949 282224
999528 353990
986700 137842
65453 766533
9955 587508
930205 44995
933300 449173
499928 363941
373087 969969
865269 946022
927278 475082
11745 580142
56248 244978
26766 357379
845336 640029
128138 395638
438605 644018
749628 425305
781860 331433
708190 791815
435293 638396
353162 368593
603921 853091
732534 977008
339412 114156
923030 783042
105590 934775
879536 161839
696105 422655
519218 541442
579036 163708
453432 17641
807726 719412
959299 105938
50846 667489
897753 486139
822237 767268
371085 426159
136711 103619
919519 476123
734127 358902
775517 839718
810029 655053
1557 506135
77708 37127
563929 173096
200835 17361
190738 524913
736773 666389
630851 303971
850230 44956
790111 672468
812224 677548
614979 948935
781167 534498
941410 31647
893400 716927
871365 703430
371981 389274
725917 966041
426401 289846
139138 143588
823559 846228
668501 560332
28969 815704
380656 879199
377012 687119
68019 705589
364667 682998
654524 662186
733849 112287
693833 627249
829214 565198
847031 717547
954472 89300
199941 897225
379146 339079
557165 202705
701659 742018
279390 730628
557722 660046
609827 451087
347165 677847
156676 711832
877197 327552
374018 611046
439839 584204
754648 785406
149402 118031
502953 620227
207332 702894
33804 586478
558325 590970
305536 259984
332988 101278
990612 407063
761324 116792
858150 624841
310991 14826
853025 704540
342378 743395
315587 298570
327599 586587
83976 477002
704618 103281
613581 911950
806176 647385
14781 880853
754707 836669
140838 87696
937947 647802
494759 215623
280946 869261
840464 108289
884087 693489
812830 742817
436884 644769
557739 764484
231356 641715
757838 935974
261349 887771
364277 67525
51508 895410
464730 806216
732079 121920
893912 186378
286075 905023
402001 567021
774284 242465
191663 174723
452306 4493
917540 889190
649262 475280
170026 880618
633347 927864
332944 894696
815635 213573
478573 867144
108983 943304
189712 357414
581576 83624
543792 867651
504999 945793
434673 279283
704610 626336
454006 156916
147181 887898
46107 312795
879530 732485
193413 29230
660350 42709
923926 992337
256283 918852
375833 881618
378508 565545
239033 960084
165521 782825
827736 186872
244971 778761
466155 949581
921449 436513
106498 584982
840764 668957
897777 236646
401442 91190
265876 578144
650251 706155
86834 422886
625007 462667
304505 519867
544565 543538
479951 226438
842715 824039
413311 87686
119152 395818
37268 40601
348684 143766
141935 705800
329075 39712
942446 730517
647254 724675
308662 297506
430830 395496
720392 572189
374515 24897
92056 435432
84787 88359
661871 927503
912399 591534
15189 31551
503704 52457
588505 852388
712575 730440
74540 558002
286505 16987
288520 933759
741662 113534
747617 688844
25382 468010
261033 399897
9259 353089
