1000
8558 1733
4269 1319
3366 8457
4502 4410
2273 2165
7434 5933
2579 3225
677 6444
4434 8291
7451 3213
6998 9009
1329 5953
7878 3978
5552 6900
2652 792
7971 1211
2525 2240
8882 5891
7049 3384
301 9322
5549 4088
1608 8129
3665 2285
925 8099
6929 8376
7665 3927
3737 8994
6232 1615
9324 1785
8515 8329
2577 6486
9540 5102
8726 4774
7345 5775
8158 3998
1450 60
4438 3058
4541 8104
1695 5466
2555 8624
194 220
8904 3931
5566 5136
5546 4891
6921 414
3220 5850
6900 9112
7304 1979
3886 4649
4106 8396
5000 1908
8456 9438
1318 2997
3894 3014
8463 6450
7990 5009
6670 3246
8940 2237
4735 839
3480 1656
1253 6700
7507 4505
2164 4811
2836 6050
5813 6943
798 813
5203 9255
6603 6522
2252 498
5888 7068
6948 230
2077 9970
3477 7370
8559 8212
8209 2039
6220 9462
5091 79
3967 7255
1243 6804
9657 3408
99 456
573 5302
9711 7176
8176 8315
7674 416
5383 974
647 3813
945 476
1183 9504
5040 9392
7896 7612
5206 2987
4044 5525
243 5287
2329 9900
5047 8780
356 5620
435 6419
2796 8611
4735 6823
5380 6470
7797 2379
283 5094
9207 7818
951 599
3562 8847
8211 5120
1834 2255
646 2077
3894 9327
8330 8941
8108 5038
913 8543
1458 3710
3506 2545
6885 8886
5367 1034
1265 5651
6129 6824
9821 3432
7423 9736
2279 5635
4856 465
4242 5502
2543 4489
4830 7225
9782 2938
2263 696
7833 73
758 1339
8970 7643
6578 4338
8677 4195
6341 1158
1020 2514
4590 8443
2250 3221
430 7107
3687 1025
8961 2582
5514 143
9807 1648
9433 8422
8696 7266
4848 5806
4958 3818
3449 1536
4508 8479
2083 849
5989 3103
3364 6932
7899 5614
153 8329
9073 192
5706 4387
2774 7572
4530 8933
9221 3964
3708 4269
7582 8556
76 2540
8726 3525
428 3235
8356 2512
436 4346
1967 3800
7630 9866
5767 7783
4548 1192
4328 254
5579 7102
7827 6462
2388 3400
426 6096
7669 8008
1004 7745
6901 9730
7623 7329
9317 5979
6193 9754
6677 8161
9906 4307
8027 2025
8443 8927
3218 2771
9182 5149
6225 3361
1611 4965
6761 8389
1061 4430
6398 2065
8528 3299
8148 6151
628 7465
2130 6822
3571 5160
1335 3478
5819 5714
5503 614
4642 5073
9737 176
223 5963
9889 8186
928 6650
6576 8342
7432 9326
407 5960
2625 4907
2111 9605
2373 594
2779 5944
2106 4114
5774 7925
6181 1278
8540 823
2703 8277
7351 9278
592 7240
7465 7873
242 393
6215 4026
9719 2974
9987 8696
7882 8450
8301 6607
5396 7433
8903 3854
7899 4678
1780 4080
2308 6672
1255 5011
1301 4958
4290 1894
8550 8107
6119 8792
8500 8686
2819 8219
8012 9158
6915 2246
3960 1568
8853 5709
5353 7757
9563 3253
8787 7695
3685 1095
4367 4941
6106 2021
6251 396
267 4802
4855 6386
9946 3355
5072 2765
7926 9436
8275 1193
1683 8588
2762 6888
4297 8115
997 212
7720 9784
7908 1406
879 8627
2699 3338
648 8950
3734 915
3752 4942
3653 3699
8297 5077
2816 6224
4514 7444
7417 2549
6032 6531
9437 6681
999 435
3245 8719
219 7505
125 7451
6133 2824
789 3133
8127 875
401 8231
5817 406
8282 467
5484 7451
6691 6350
4895 460
8899 7279
6992 8336
312 7991
5123 3557
6710 1695
1063 3188
9146 3548
2364 6287
3033 491
7162 9786
5075 9332
193 3357
9799 5677
808 2842
8379 2055
3302 7278
5686 6646
1966 5998
4637 7090
5908 7700
5137 3323
7240 635
6871 9604
6922 6256
6448 436
6043 7875
9768 6236
1232 5919
8265 8393
8761 6644
6800 2064
3922 2487
5062 2240
8485 9700
5682 745
3752 819
4068 7344
1454 7291
3300 4728
3548 9748
5165 9591
3975 1285
5827 5208
7205 4092
9953 5966
7088 6753
4382 1010
5592 9445
9602 430
5497 5285
1175 5601
2456 5244
2945 3911
2535 6245
8639 6083
2346 156
2026 2673
1442 7853
4233 8647
8297 4186
965 5385
7292 1700
2747 2884
7497 2350
3314 2994
3987 842
4947 6443
6086 4244
6706 4973
6841 1698
7409 5539
1854 9435
8213 9648
3641 2446
8295 1938
6633 5613
7324 277
3665 6423
9513 1162
5125 2828
508 9112
22 5455
1908 2460
6051 8614
7433 2892
6664 4842
8432 8519
630 6645
8167 4271
9091 2815
2561 2076
4780 6237
8705 8445
2661 8219
5959 7786
7399 6467
3251 7421
8274 5159
9881 4325
125 7314
7217 6790
8509 5649
1661 5491
8646 6180
9762 4090
5347 2323
6166 127
4913 4872
4924 7574
3091 883
1712 490
3702 4963
4263 1976
122 4144
6301 248
7810 9871
3390 6319
5520 5051
8162 519
7583 7924
4609 2931
6600 7127
9410 1513
8351 687
5439 7794
1570 7151
4636 1625
2115 8899
3601 8589
3043 6255
5189 854
6126 8579
3525 7998
9982 1688
8517 7566
5964 9478
497 8916
6606 6259
6781 4957
6946 2220
9104 4869
5724 3740
6494 4191
2640 6447
9132 2035
2702 4322
9241 5180
9253 9119
3179 5588
807 8048
3154 3123
7527 3
2040 485
6262 5173
1794 9561
7394 898
4430 9470
4639 7276
3661 3631
3723 9145
5666 2778
3467 4908
7958 9073
4027 1137
4661 1186
5538 7815
661 3065
4170 9053
9902 6784
4227 1696
6345 7973
8947 775
7443 9938
8051 7456
3569 8127
6601 5587
905 6421
6847 8863
5494 874
6353 155
8412 1891
4322 9074
4956 8492
4479 1210
5276 8706
9258 7974
6679 8205
5101 4122
8143 3153
7930 8064
7632 4532
3652 8537
953 499
3752 2799
7726 105
2954 2490
1996 7276
7916 3304
2120 2396
4514 3748
1102 3773
1722 7782
1978 6824
8256 6474
6329 2539
4538 3961
7071 8190
8850 4376
5042 2602
7175 2768
2708 6481
5258 4704
3757 3175
8009 2229
5571 8875
5977 3025
2648 7700
807 979
4524 5416
3805 7205
7955 8343
1166 1378
2886 16
2106 7928
8970 9281
7048 1678
5762 2306
2735 5871
1833 7096
4452 3756
5971 429
6782 4972
4481 3941
2303 5357
5709 6108
2562 3664
803 80
1394 41
6448 3500
4321 5419
9133 1369
3449 1247
28 6184
3470 8213
9632 7922
1970 5604
8352 5104
6928 2833
9045 5583
4543 4755
8043 7105
4771 8846
7186 2518
5240 3634
6018 9561
5405 1504
931 8855
2751 7311
5039 6222
5524 4672
4144 3846
6628 8848
8950 9908
8034 4348
5491 2577
5455 3534
9682 6578
8732 3220
9096 3972
6855 1467
3534 2260
2971 817
7467 5722
4480 8859
1944 6356
3531 2441
203 6511
1289 5505
2771 9323
6205 8262
1900 1660
8148 7935
8239 3232
1155 3687
7205 4362
5154 7091
2975 8125
7908 442
200 2388
9301 8496
8744 9184
937 5299
2047 8579
7157 4818
7902 3362
9432 6155
5023 3932
4090 9614
7165 5245
3301 4370
9608 4808
1461 2583
2933 5721
3025 9485
4461 8679
7982 3205
7863 5271
4857 9911
3850 2014
4729 1753
5376 514
7908 6751
4446 8350
6365 1611
3595 6019
2333 3203
827 3794
2138 112
9515 1516
9598 328
195 7580
9886 8058
2851 4743
4321 3054
3109 5403
4807 4837
5917 9067
1589 6715
7417 4306
8327 7364
325 660
6920 1152
807 9058
1265 6674
574 7215
7003 7121
1147 6889
1532 350
7984 5853
3404 1093
1256 8211
5930 3525
3630 7519
241 7399
1826 4920
4764 8503
1932 1684
9656 2739
7094 7273
5766 4021
4488 2769
1142 5635
6010 2674
5985 3994
4880 9390
1439 2488
3953 7369
2366 3936
1241 2607
1335 9419
3879 2451
7922 5811
4135 3930
4903 7582
1203 669
1603 2043
9790 9097
4030 2152
8124 16
2498 3004
5758 3937
1844 6063
7658 4210
9999 5251
3169 7687
4670 7048
138 8945
9212 626
2875 4115
4560 431
1136 6163
2474 7278
1612 6505
9430 9736
2873 1928
9092 4983
2217 937
1046 9875
5147 7398
5127 8317
1437 6149
1717 7927
5094 929
8553 4322
1396 9465
4753 2532
5628 7227
9810 7241
84 5592
3329 2957
3872 2422
7940 6089
3359 5339
2317 4858
2737 3796
9527 526
9945 7597
8453 1392
8526 3359
5714 6275
2824 467
8807 4805
4046 4970
8398 4131
6914 1727
3440 787
4149 7733
3228 3860
3072 5545
5071 2161
9341 4598
2687 5639
2195 1140
7031 7074
851 2745
3349 3676
3212 8508
8481 3610
9830 6879
7741 3097
4958 7534
3884 9108
5267 3464
9320 4691
9010 4391
3204 4703
5342 2243
342 3889
9735 3725
7315 587
6470 664
4263 6034
5525 9096
9645 1707
5975 3738
4804 933
1272 5040
6393 2891
8505 2066
3934 3867
2809 7138
8570 8151
9381 5265
8393 9117
8990 5708
9704 1813
2725 319
7847 8250
9415 3844
6309 1742
7583 1114
9027 8855
6154 1773
8099 4659
191 2033
8526 3000
9172 3449
7504 4905
5066 5897
4022 4056
1605 78
2221 4330
6749 6421
8932 2516
265 5242
4258 7848
6356 9638
3056 8862
7763 7507
9874 7954
9540 8400
954 5064
8201 8458
9970 3267
4355 344
3676 2313
6775 5897
6643 3524
8670 5576
6041 8936
818 6651
3136 3526
2641 2544
2388 404
51 2262
4710 9592
7015 5665
4656 5216
475 978
4836 1183
1323 4864
3496 8098
7113 6491
7974 5784
2067 367
1072 9237
3371 4208
9115 6012
3105 1504
2769 3156
118 7479
9100 7133
9496 109
8702 6324
1087 3538
7507 8762
4754 7355
3212 1867
3846 1187
7651 2266
1554 8723
1503 1277
9284 619
7290 2389
8475 6411
5545 8593
242 4646
5727 6091
1107 781
2415 2194
671 9922
7309 5425
3629 521
7292 7475
1708 4944
9741 9615
19 7597
892 9303
4568 4534
1692 9395
945 7238
7988 7540
8236 67
3631 5695
848 6046
7889 7871
2320 5198
3296 2301
2072 589
9776 3780
1885 5870
9747 1904
9819 640
1208 4387
1526 2900
3782 8824
6490 8122
6364 1078
8190 6347
6773 5390
2393 1015
3262 1065
2565 6558
9718 4637
3499 9494
4770 5384
1716 4517
3641 1535
1509 4849
5922 3036
4101 6056
1860 6944
4179 8224
8022 2369
4571 1148
7759 3316
2163 1021
733 4728
3932 451
5718 7431
6297 488
9168 8014
1357 2809
9549 2867
4010 1824
5903 4463
7880 4115
1407 2059
2339 5782
780 3262
6930 4892
2930 5445
2265 15
6525 6197
6818 2243
3629 3115
9083 2797
7481 441
1958 3383
3308 5968
5207 5563
431 3087
9678 8191
1499 2017
3973 2279
1631 7255
3523 913
2700 5789
928 5577
1986 4098
7821 1967
7213 3256
1116 1047
3697 3074
4430 7005
5394 9637
2568 2178
9076 8598
369 575
6967 694
9207 8598
4301 2730
5863 3353
8519 6791
8930 506
889 3103
8825 4455
6360 9942
5502 6409
3016 6284
3415 4763
5921 2335
6941 4997
934 3662
1925 7901
4356 1132
2852 8657
214 8715
8362 5086
1859 7292
1944 9100
396 769
9907 3108
711 1761
9517 80
8045 9284
4843 3966
7972 8136
5316 5258
1798 3593
9511 2506
1077 8715
7515 1291
7431 5877
6377 5642
3169 8321
1094 9917
5443 1002
9377 6154
2763 5247
2586 809
4531 3781
1127 8855
1917 2795
4113 67
6388 3625
2573 7465
2340 88
5109 6123
2317 1486
1765 1839
6160 9212
8108 1603
214 7486
4109 2977
2733 6696
138 3616
477 7618
2472 8747
413 6585
5166 6802
6562 7740
619 5255
4180 5728
1378 2850
7215 9496
4689 9727
8708 2797
7682 8922
6635 1791
8251 5720
4839 4742
9337 1669
2360 8161
416 2773
1098 5582
5927 7661
9674 6547
9268 207
2275 646
3057 5842
6494 7746
1921 5202
6895 9603
476 3531
7747 5080
9251 2586
6174 4940
4255 8534
9453 1023
7659 552
2958 3587
4565 8984
6486 3833
9191 8761
