1000
15428 77560
668287 1819
610722 249564
509179 372179
834913 632382
653207 669919
783262 418159
548178 533157
986797 734538
182384 492077
749935 26045
93912 319291
200872 726863
61301 103269
578492 636090
669613 110272
230002 854252
628443 840725
103816 137622
729256 455081
286356 898815
641352 585970
316974 705882
635479 820123
440421 334215
312200 706708
360261 406112
542351 77485
132976 603652
180754 227820
756095 366720
338092 986097
220972 966535
826822 841141
104157 72430
296222 906866
971245 453927
9188 288220
159809 644668
108343 116582
978883 936896
339643 339144
343008 881994
416629 475984
1999 113736
220156 758094
480456 558248
744191 701428
524783 87366
542569 145293
159796 355144
568511 131042
325423 577699
935614 1584
222367 560309
118167 717603
497205 457810
56747 356566
856156 989729
348902 858155
103465 569059
616249 100273
643659 876793
801701 684795
964159 860623
830088 640307
732119 914951
287701 57542
9002 223315
575478 231370
299977 209997
465325 313534
184159 522072
186452 40316
28153 535355
414823 647970
104414 31073
748243 264425
424218 549945
949220 388377
926920 295660
28684 659039
210611 316386
232933 219614
56053 324763
967336 872382
534761 432661
702269 718920
471085 888721
759236 15591
424076 174060
663561 44842
721485 411805
309268 145703
478102 258488
50432 921374
554149 595468
96765 281112
428206 846050
17078 484260
170813 984414
872994 705574
933427 575263
424495 920865
463985 700083
936456 404413
390495 116369
449256 628332
528174 274876
290387 522628
49716 857171
444002 120217
452640 540767
401330 880846
386817 418408
881458 73983
919175 270805
779557 852602
846068 720404
773467 310053
936840 226275
230819 843687
342645 680075
472020 387171
471303 278759
426152 521019
135931 870154
641237 104923
927274 558919
502121 830443
493679 383580
904426 412854
654385 200336
781809 16805
437092 71628
843211 373932
297904 74030
217620 156901
270457 205992
544072 741760
484751 970224
779131 137034
356731 936720
241957 800357
495639 744079
630800 989319
644011 51579
402173 814748
768267 183982
831553 205359
771963 674764
95644 69867
748794 313264
226768 19251
35608 287192
277363 36711
257417 56495
173746 130500
509567 932055
930857 5207
676134 78009
510878 836497
129588 913051
651245 897855
613386 482799
619567 385349
157563 715211
971568 422710
544827 714688
958313 580435
1880 235677
617146 775649
808524 307244
906149 318091
755652 837006
839650 431786
915016 350528
784636 560956
779932 435881
975164 909670
918680 594731
811371 592596
309942 782939
531658 854769
13979 489971
951556 15859
242000 85054
307861 566876
908651 214010
401320 664303
567369 240970
612441 998737
107851 397077
559693 887783
832959 51209
313805 267991
645940 125176
376939 472234
424467 908597
843355 438446
398569 794911
970657 156921
396318 278518
723798 304969
492529 125118
969272 576250
882440 581713
574987 990291
978791 651032
394426 328102
702242 708231
596093 864534
349759 973033
336769 774226
881630 696476
729024 796551
7740 699682
953473 404058
978200 677271
709027 987081
318741 678299
563331 201181
260012 654670
707825 755155
822055 102251
83257 524297
326835 679351
905183 676594
168736 758304
450821 50366
454781 696197
363270 462521
395879 316743
866579 374080
510366 91958
877513 345459
770257 957197
62992 546621
128219 770817
818129 950274
389421 901386
990923 716256
97089 896107
909202 265825
170763 876375
832544 141896
572573 195814
604417 968452
28909 987348
858884 55627
595658 252750
401086 882267
209947 464078
428889 338166
751248 247018
804793 140669
664756 795716
373277 761846
208175 282479
544023 378939
158855 892919
520835 731428
605085 641605
216232 633994
145305 75117
205973 740964
844219 607059
623231 54166
587490 568472
908684 338738
331842 713477
479407 996599
25546 852684
274797 233721
651515 335172
129012 810370
228092 649848
58150 349529
807805 790735
983524 469462
382204 705849
210426 226423
312909 350010
280589 900399
918482 705625
755489 766677
419103 751248
279628 444649
120284 70777
678370 771799
405949 323735
98522 150393
489935 673024
499923 297740
463759 999799
767202 845963
705648 493981
72386 534909
843991 869327
951660 278825
574953 707149
45502 994056
458397 325130
955057 578681
395907 149779
866833 318209
473514 965355
984954 963449
638379 484877
261189 102139
1028 544744
464454 223029
38725 536841
757938 399068
406168 225951
677893 981121
933100 239748
491529 907850
564878 446586
2883 477138
596366 386068
311699 69880
351423 296653
33330 506155
297883 810871
124646 815263
871967 589100
38292 910692
125941 312583
309760 48462
538534 504006
29583 987986
743754 37465
412188 824984
484051 931424
818474 80417
317492 130173
666650 668916
943179 216332
691423 757414
543555 816069
572677 415523
405169 127322
326215 47463
439905 152328
612277 494791
656334 158212
999129 916440
195677 411318
741424 679729
342742 76251
276498 660234
206424 943148
845502 665955
675832 53277
423369 219388
869346 512399
634911 790868
639721 477478
354683 595978
629806 966960
607121 802492
125172 606250
235284 320850
17568 493061
516931 876662
569312 793429
53249 292088
252930 415103
958044 928762
468381 897765
664502 337727
410164 299413
644947 566237
293244 999630
162215 439402
482942 769336
241895 124467
891939 993531
445317 909507
486592 478600
302522 55904
272029 872123
347993 41311
287226 822389
486426 755607
720154 150928
609687 646671
966694 770986
212908 259938
286969 891476
699340 769911
177164 457587
410730 69103
451119 856047
494963 454063
850999 313837
509968 639381
185960 374313
680692 473186
196702 167118
745146 916856
834399 871185
563527 317445
642171 292788
577383 445492
184264 793075
731756 877780
767015 142486
946884 734486
514886 441847
188549 365885
755684 214869
5266 457996
589182 685959
447534 785884
369429 192680
219093 720180
580217 298972
37625 738741
591760 131360
184233 292376
924436 915989
170157 207803
58476 633393
942289 89714
591592 647190
455599 863628
862060 460866
321624 967594
663177 769158
269831 548958
478191 488924
269139 58408
304248 823116
797149 412361
954477 497735
221089 395265
930076 907598
603068 504904
540991 61709
594618 648935
708899 50218
512563 87311
27436 834187
54906 206965
119698 841089
755923 597889
846365 541414
172649 150613
364531 486151
79326 835360
500238 300416
230625 430314
208014 350045
935219 265358
411754 46189
914293 637005
96407 426857
724317 640195
777396 295575
847160 413446
136664 119436
527687 983029
660850 700337
649994 541733
702840 729321
377093 203078
29737 607718
633392 754103
957763 84963
19461 885869
131153 450107
522875 743912
393316 763544
384108 170712
575471 747620
100511 228487
867056 628198
727868 527907
844887 377862
585992 547727
623535 963086
267157 169624
570804 416902
923728 44920
501865 459541
447141 149370
909648 970016
409635 302964
249912 793743
990029 825383
57715 606892
570222 924772
235090 298090
969031 596330
192305 555023
660409 815840
34461 927567
501817 121618
344469 425545
166538 362686
401438 613679
512057 827439
100048 921692
130403 866312
231787 636784
208048 805854
243676 778270
246978 995119
592713 216009
591449 785018
287385 768210
117210 838198
695777 619027
959816 40246
560924 126354
919285 962363
256386 947694
789802 872786
385738 436557
739098 617525
589694 947146
939731 349722
725417 186710
861193 834482
919071 452642
619500 722808
737205 736710
561007 432982
872090 520823
989581 433014
163530 908866
911729 419916
856560 217883
809054 242298
170793 548152
376175 760487
11651 315906
626561 253420
18968 487755
87902 938040
456749 223754
660848 193954
960464 221855
626937 348906
259031 132870
781921 422561
41736 210002
358829 414648
427886 167883
173298 115031
232387 65825
391870 244038
898083 18431
13810 917052
22538 101712
855092 479288
841818 32292
189594 802283
254148 332883
667541 513179
465753 965814
935740 23841
175817 810921
954841 120055
978804 128139
235086 727543
193964 626956
487934 608400
161739 501744
525452 184278
119809 380544
663566 961627
412836 853160
280262 183336
702396 947804
212867 168149
913618 664959
191991 605787
475880 146832
725842 971036
791324 477280
698580 501640
104236 186514
110040 782328
688258 635492
966606 324419
532388 146524
286047 461577
516036 82661
161265 218432
30465 374133
386582 460436
39092 94925
66223 31325
758109 308418
2361 65785
785698 700941
567426 406287
403807 193818
704967 608418
345663 671573
932837 394403
818097 735236
855980 850485
334250 17246
68918 881067
907731 971852
341503 463175
66777 924079
494500 341238
748849 496862
407024 50899
714155 974450
973538 634315
684620 678505
242733 30283
350078 691922
424687 684527
427159 797019
51365 761409
330617 120283
158828 238348
608487 500332
701524 675264
940763 712376
532854 205964
725590 939878
256863 956098
430680 230402
590413 115301
425259 833146
661936 291690
525068 86623
492569 468579
399995 543934
746340 730612
180569 905169
485313 789056
921853 703189
980672 378968
415565 513527
584932 657508
453405 841795
613606 884086
588549 204019
515739 13809
553517 177675
305499 594937
780651 798068
63517 180646
342003 326209
427610 38924
231378 912923
827981 669583
132464 808653
48551 548030
322180 633483
721890 291938
991631 335496
692376 96532
55867 208115
110341 609384
902142 932192
720673 682793
246613 300542
379791 104968
626752 807402
143892 374482
236677 971873
44066 369142
296879 608969
917172 619059
758805 155414
427349 750436
490910 119725
363320 546777
844192 990014
672513 746335
922206 393186
945480 685171
693729 325272
790139 836833
132674 934032
211315 369351
422257 771733
738493 719136
380703 172017
854548 655860
327431 798249
406296 334693
434327 285968
397822 278519
275982 70335
541206 714541
979874 486687
399712 189955
811959 189852
543140 460985
640236 754455
830336 578845
42541 85182
814334 939596
773551 185234
595456 100983
983483 518104
952028 417810
804072 349851
212682 80055
936538 753888
794596 432764
240575 194308
139071 568886
900512 682211
29871 57100
953019 376560
635946 995560
461742 966632
935156 235293
151866 530612
852628 135349
48716 804657
69512 369140
670860 282194
449195 607398
552434 760143
40163 309362
470804 179234
878248 371316
377798 424472
428417 330817
801032 580715
842729 779126
547347 777885
14419 699213
824849 383400
350914 389917
704409 936778
759057 375269
735324 724605
499019 287759
484748 539182
597121 955552
234769 991721
326869 128919
932545 271638
459736 733577
368705 818817
512703 916052
113054 43475
131617 937903
943227 998883
844172 647636
935662 603229
539257 670986
327834 38276
475097 328935
93811 588570
284487 328580
580292 127708
973851 29189
915698 949939
762767 284403
768756 791822
716807 881810
351649 848424
336065 811228
363660 696589
975216 299322
299818 514473
486660 144005
552750 961758
472940 646561
550328 273779
491493 646972
401488 981696
676162 317186
931635 955281
117942 700391
747103 834749
98553 615105
199526 950970
426333 563186
647559 401550
378860 463729
432375 865520
607734 501477
827278 597026
664390 377607
387158 672235
24579 304998
653931 217093
138536 585566
172374 256478
802309 919478
91228 900862
50935 807106
368184 993620
370292 15743
911522 749152
479473 343898
614672 603559
845375 958303
716938 26118
335910 104096
698353 876841
409094 352285
93935 547630
454203 266309
320461 772865
702139 411689
190079 269426
735147 558264
263047 105439
574007 174569
370943 53480
34819 501967
173392 396547
460270 890330
422665 312532
994426 637370
189374 919872
989655 799661
467502 960211
582322 787963
733076 284462
716004 923155
553888 451151
481419 333287
72942 571779
24209 960237
625259 59028
462205 315003
455575 922475
205333 394592
235008 716111
31963 940734
635983 537970
740395 619838
498181 839069
924153 747609
639883 156510
670765 193772
607661 668536
43411 196956
240315 67620
157193 381927
126649 619398
696930 98576
58226 418616
9521 293234
134727 41484
750320 770711
579454 7067
390549 593988
846136 831054
857949 486020
987564 45066
196144 595226
713603 239555
308534 470270
823528 982079
368549 950177
601478 581832
565105 176056
448 574626
469290 135175
132462 735962
422238 228269
743029 329139
822257 589165
160194 196558
591537 147758
241625 787681
259336 471580
543589 567870
458202 367117
549950 826752
833646 667780
408584 398751
843836 409032
489730 829478
60559 622192
565440 482798
850461 824821
811937 189070
930338 972131
385629 521876
636242 627254
825909 895578
615186 369498
979801 73388
252967 529751
900140 86613
713883 825076
1717 74071
750460 7799
419901 811020
629991 501693
810170 996805
326514 138459
185875 256852
626943 571504
778728 263185
715110 604638
158763 846648
490488 138564
920037 259808
184667 336529
346421 414902
161606 864490
488973 912066
872289 425226
239438 18633
926919 565960
15438 253433
704420 201313
26638 331363
289170 805366
594548 520632
926356 269663
367281 933197
408228 803670
193005 109247
140199 55778
524150 818157
436621 529475
246576 308910
954702 486014
843895 881621
51975 375685
651407 272747
576999 678045
604110 382521
999763 715010
419505 442472
984673 303138
375669 909253
106808 85026
534853 763360
140804 59003
581517 577425
588478 344445
402688 59532
830460 246583
941154 398787
138621 108913
187886 715620
786958 791996
614493 786721
23358 550350
229193 524383
853489 121214
433637 960297
206240 484842
240009 347045
543845 337879
440822 648675
682324 843510
708208 29136
606446 165714
944275 745067
274627 132161
977039 577937
440509 107884
364658 463867
658234 110204
988251 511723
231418 938240
988373 954011
423082 228382
817408 483279
82613 258230
131954 764938
618093 356514
310426 224539
38580 254702
485958 829559
386863 979349
407496 827373
87233 288507
807592 261819
915063 795843
773543 662833
250435 278268
616844 673517
23002 434252
156796 105616
208835 805103
386906 826928
677969 697332
567819 232902
952034 53777
578813 855250
549478 986310
198975 153063
791169 6567
414882 706232
318763 188425
