1000
933350 441186
4182 109743
558090 683869
729891 387978
31408 393217
179578 807517
62998 279595
285116 11848
224587 353945
934596 317081
963061 973360
831407 340262
275919 918319
823940 803726
903202 279594
952798 352905
237132 956981
462648 311574
157202 708892
699553 188610
618461 395483
996127 197812
675078 797595
209660 416018
151541 660609
733099 630954
633969 80858
487568 909888
515530 311508
229966 935084
107454 182765
287989 860938
656098 266990
172513 813300
492234 388418
1910 627047
300253 514389
824859 975332
311984 34520
391350 979877
211481 640801
127183 845450
238011 614751
271691 753541
442611 18009
204978 66417
200774 9319
927356 856872
276309 616221
186524 284895
520991 188434
911943 821244
219175 736802
312928 531160
287674 220630
27389 499155
861431 154573
860958 615795
285676 649001
885688 244640
667010 90666
311057 384137
99986 754765
757361 892647
887338 943886
177543 408329
648672 605838
745926 867848
858992 58854
915360 146667
279485 942749
162174 657268
613674 23132
273063 899351
188485 158752
660343 855496
765770 971400
239633 865756
242518 996994
274756 129856
940880 968651
54538 105905
574489 316816
973753 433481
375670 889113
96500 171507
348214 258675
345128 961889
798159 618191
377592 986645
293295 37935
842141 59066
525687 598126
441174 284557
595120 715930
414414 52353
200933 985304
158258 775422
302120 648363
725256 194142
537476 821756
365650 885690
596783 710778
363931 394943
845321 741523
381588 138617
295810 740081
714035 337850
338207 155209
622407 449679
871140 36821
18384 72073
538477 692994
363848 356949
341357 605456
551092 395185
427212 433094
797228 23996
660224 161159
935291 505545
419035 316879
160514 714845
573312 874549
52695 911519
29759 675103
877550 417251
228276 895935
5676 283106
588929 885876
640055 930287
491332 191147
841824 434897
624241 639052
458893 800817
800212 910536
306363 219247
227415 983229
450444 800727
857779 19492
228598 403890
210947 106148
337493 955575
2083 343169
238681 107365
229046 878737
554004 236730
586236 395828
671627 726830
34881 646872
527647 351445
557408 350362
87044 784823
333592 53840
101902 707723
73332 846852
111613 284279
469353 449106
756207 987788
308627 994888
95153 54025
389977 649157
290756 976214
561338 962383
219396 112571
609256 747043
464016 166664
97406 67412
467840 947350
121252 86094
655073 710937
932947 766686
511568 402300
732144 267775
390088 40771
262664 1594
94797 168993
167103 385553
661559 728441
864288 880955
357364 473544
627999 337732
640209 241757
405144 624401
189107 42749
710495 844180
753686 159794
127218 781606
78446 859362
49382 984887
900133 828398
986481 511282
513743 669936
413187 175303
914730 277476
56258 272094
751020 200609
609827 907581
442366 531323
48334 147825
574072 758830
992005 844110
918624 635575
625717 513423
494937 191451
498310 911423
536201 484791
939057 49944
671079 352245
225247 585809
629721 281506
857904 897093
482115 984083
321027 440834
515406 369361
588659 605831
644543 97017
449941 563168
732592 592010
76591 743882
299813 91253
171657 836014
92396 110714
402311 763475
979311 627558
349285 125384
425416 723541
538830 907532
707624 859857
864718 739382
229218 453377
345213 873762
550394 311507
953282 799339
419869 546225
59573 719683
637478 231230
72049 246226
858296 474360
9701 837608
618271 358986
479344 43687
598879 18174
467571 306503
878031 332289
562238 623602
785667 907451
13716 852413
735310 483350
168104 671532
29575 227677
391215 183405
975259 979616
429631 833556
453977 955684
187516 72248
831023 666860
632287 429902
685035 99859
252758 79418
432148 814996
219372 734167
238799 233088
586581 490462
716438 754685
161994 262365
498715 69561
962122 473974
49177 908105
823882 19506
863790 11398
608106 211165
194611 240394
641067 395998
340253 410177
991768 288753
225173 211141
22921 980325
444229 609502
470787 677020
880539 632781
455737 895606
702342 934212
885933 751519
842317 709815
287378 222459
237566 895484
433624 948529
652230 591044
344527 992483
1221 336295
281237 226395
63788 820510
723072 24370
946364 193859
701390 826903
826640 673479
238862 45334
607691 124795
313205 966361
834610 600583
188820 588528
12420 138797
537057 664650
729841 881584
173486 247414
734232 971075
990161 314372
791585 713233
338742 737949
907092 556484
81204 250084
229964 836418
811770 354007
961213 124976
320368 312176
241911 25541
900704 254331
164338 437762
435334 410531
835698 608820
657945 86282
96247 648107
400655 404184
361340 255749
142133 784785
812234 739689
34869 558550
576108 846640
912557 53673
487968 749278
365849 729879
774819 782906
500563 455509
220668 452249
866040 572718
577421 523985
175353 673668
688444 92360
77852 49785
348109 736337
834570 676695
476026 385791
235245 568486
748783 664155
622160 236751
929785 988009
482983 704604
287267 499898
160113 507935
952147 542505
597006 529568
582842 772359
719588 271287
864719 313792
321072 729180
50129 671994
405876 42507
574137 157473
610994 322921
337980 749506
76024 267765
253867 559007
488721 541135
575257 165186
565422 527404
707691 162428
573324 290534
451139 292912
561821 832210
606704 399245
77743 173185
587591 483619
215693 161728
157444 343039
1001 11777
92545 77026
279542 862764
152385 284616
403899 727643
449802 969322
771399 157494
648102 344724
448028 99242
153988 526201
447804 277045
925446 525547
450230 513037
525518 665923
191117 682963
525314 192119
211092 617859
785497 490634
480624 454234
291602 400875
698229 741405
886549 469629
898899 534652
330705 863279
150246 484693
389480 598050
278090 831278
123598 728321
860667 165468
910596 51784
848431 435911
760255 575875
570122 62104
582862 567098
516339 874464
967974 214568
615869 854523
200549 31120
905527 531254
894399 55773
532300 800231
653824 810390
631509 293774
55063 492176
459242 965660
60313 824026
917923 820568
399901 488045
882673 982763
571496 915364
373580 539470
646284 989449
910345 846834
20570 815873
894440 431321
871646 943092
231553 41822
269835 863062
851948 324898
871591 827543
806910 931904
167921 724833
752472 84174
729231 151497
583290 300727
583213 956870
356549 229498
946319 266894
592684 483241
599119 487124
914563 470766
946569 146116
28940 216404
525530 397241
541302 913473
224784 864565
845377 392705
589398 114202
476879 834981
265699 60169
135708 848913
17039 8609
594763 479711
275504 187447
962952 390975
190923 877515
378093 137492
539983 407034
353896 581866
804275 411551
495339 545411
276116 857069
938116 381866
971271 931347
733200 236970
991517 385260
602235 524908
393870 713350
4619 185726
900797 483924
576701 91721
877791 954795
745565 417775
878181 99462
515993 198808
27365 527684
744219 303481
384753 682335
201699 356024
613682 934899
109347 121551
320160 227934
162812 714030
941285 167431
416108 358434
651355 992809
966507 529147
947604 712073
463274 342137
811535 495619
540945 838900
539655 285164
658733 924409
483851 376784
796785 613886
311684 422484
735437 148196
166771 898249
378578 624408
582033 794686
982842 749740
787495 949350
795239 251452
661423 774865
109941 989310
270484 650887
344562 326492
936051 519647
767253 419903
896431 564038
33789 724467
502875 285578
872663 669646
700180 251241
294054 282213
562279 793248
548305 349775
742598 343545
117579 920373
634762 227520
909683 905247
394759 770597
748091 330811
290244 515344
267066 703028
79382 300855
427495 98609
102785 300159
284607 802965
67752 95013
601530 630032
888262 149836
496159 630860
9733 130090
67586 644495
357610 493621
66094 752370
264219 814185
599533 70815
845881 866599
773843 441616
683806 201339
540225 786591
17850 824833
105909 85602
919846 223791
715634 324460
889979 728145
471673 899712
858235 539259
60560 732198
32880 643006
484568 813451
973544 600453
884267 819425
467052 174462
261041 667210
892153 317619
970153 910003
658804 592414
995606 95002
816206 227592
419463 706185
955738 891136
122250 330325
946747 699162
62523 979627
342168 547091
309431 832064
663896 710050
651490 647300
884512 428883
314510 776666
746502 284664
203021 405306
393430 198627
500309 209636
942572 436124
915822 414662
327260 554424
744987 274007
253586 807511
769986 112106
870954 595769
944171 534851
305819 595661
182151 706684
540896 13014
483350 287399
814030 686371
209057 207460
401351 225718
417097 860275
661842 849271
274937 505454
403695 536276
295813 173633
343787 582152
285739 731094
177921 229910
782297 483741
341923 964448
190425 882820
493814 190127
686571 307844
392850 411980
515305 310553
637699 448754
170828 815893
814377 962117
837700 734424
498394 133513
908057 358533
232017 193796
89627 409939
940059 871924
410032 281982
352725 600457
164802 846539
306936 367725
670736 216138
779706 702393
526692 933757
151147 697520
266002 965524
659638 103702
216300 674384
753568 124357
32917 985585
834505 638897
911876 774564
510821 321908
56547 379898
438717 737701
742790 745653
621779 413526
961792 401485
115919 4836
851594 783418
702356 117596
748942 878346
221299 481594
552730 491219
605951 102000
993156 440456
740897 905033
731373 768070
226941 304272
664321 665659
558325 407111
927664 180104
820637 405808
97941 452908
410644 949535
236326 629353
67132 501620
507699 804783
983214 576782
296002 589165
195134 289158
545973 936031
710543 793698
220453 937485
97970 884774
119496 656296
291885 563512
352752 628874
969321 450694
81782 896317
916581 318108
525670 983713
819728 33370
304848 802942
126504 117202
908459 321638
922713 454433
774021 633256
248131 994474
87093 862454
879249 206589
35102 687486
770102 387854
316361 255775
354900 914495
152092 787834
232604 677763
287899 52332
227485 592748
371627 353989
709950 280086
191979 632663
250871 966000
265920 499003
476826 353013
877809 356075
75955 912911
559914 362409
817117 392627
618184 688370
307122 770276
476204 539726
964391 764103
108411 191876
356851 996390
62217 583154
276476 770548
215817 527348
736548 998089
542703 213375
867455 420512
85802 459762
849775 162068
822171 183244
554695 440355
871614 378170
726983 347818
434248 207727
628274 542659
915955 501477
55401 978173
84631 331878
748721 816801
375578 1622
331242 434633
731349 198697
855145 817151
658459 221272
979220 996982
404516 50267
953689 792483
428437 197025
140301 862686
404752 284927
921697 320707
786405 977099
815232 871036
825329 80306
687837 200907
81928 19080
635540 329629
734129 7037
146780 908941
744661 642352
905923 149177
208972 375965
458012 153761
572990 598314
16447 494094
399593 454497
814801 185998
431596 146386
57035 773277
743044 261224
490536 824972
796656 126076
670953 47138
649465 817733
956079 394126
976438 378354
59655 701762
754319 517668
855523 843661
632334 871971
337755 31927
326468 668909
734278 274416
815295 791313
564045 558339
568889 54581
899663 881898
180657 570616
929036 346474
904701 401467
256952 397491
296173 832959
99253 566845
866979 954777
410506 499313
343100 748262
47593 185920
933523 781871
976688 748818
89536 540733
823509 658425
595314 239524
540323 292323
326492 985711
638797 231193
387178 412101
628685 683352
245060 244290
250197 112040
199067 660703
127705 542167
925317 691650
244439 858840
989873 221127
124010 79409
761860 463871
254187 357174
703395 310862
165849 29887
296574 804646
777433 200104
733099 922470
883456 494512
166760 650005
606552 882180
827061 250609
940699 752378
942260 185139
127571 448485
922618 767933
527895 684479
748157 298434
558005 967904
609296 723855
997792 422222
44853 291577
622327 777953
730399 22135
272465 413511
672141 395369
295691 499202
162330 752743
767932 620942
454234 411855
69428 376852
696141 597323
61331 444298
412109 619337
412202 21405
859544 926346
959980 904397
734275 582307
198702 464674
604442 471167
878186 792935
382888 690229
808489 545219
442972 92774
166161 897206
504629 751941
790411 717122
865616 851742
161420 277725
987431 89975
299131 846975
532673 259111
267725 266949
357770 466427
731623 478564
453947 126161
787852 836835
816391 596341
898406 775715
689115 580920
189274 710097
332861 979685
427219 198478
831427 104992
992555 335211
711319 291686
698538 243992
67149 966263
510941 941271
432691 758917
936188 886638
885078 724040
723473 217821
836733 138232
993537 525849
719152 182811
752298 568365
162496 695869
766843 510275
800861 759399
361838 28532
567437 60377
272525 150939
26640 783466
608562 459331
542383 544750
862321 943814
785142 102147
161635 621876
240379 671524
147725 959531
854335 416375
527896 533183
112244 811092
559811 429458
86843 921649
457990 170632
982026 730515
837923 8667
30334 446486
984350 89069
507588 846672
549235 292731
948819 710871
914607 189198
382395 578684
665081 753083
511411 709329
802618 623655
36773 362429
569465 123616
284079 27456
810601 266105
274323 648524
791124 304657
611362 775475
910079 118951
622147 459314
928034 570966
170185 358993
276516 68933
454029 457949
338368 965440
167278 140986
105447 204052
503416 674913
844020 787495
702369 654621
569952 493044
819498 361077
797702 430860
136552 224133
66163 275051
683447 994197
362369 369985
869542 638885
438918 323571
96834 293638
289011 780464
434624 394459
984516 938040
585724 344889
241887 288093
999510 811840
781137 819008
172917 95191
766221 825821
319324 832384
100872 2772
342934 463241
372757 212476
102126 328027
52400 715312
138017 857763
495776 572641
768574 996645
27034 354298
341534 785273
158743 857396
597113 456233
192757 286382
67776 958978
112203 387101
307714 729427
906225 650648
192668 795334
379477 811146
639713 948229
42810 777730
805992 54939
866723 90919
51584 893757
445217 909470
679031 120313
283218 792496
576546 475975
78879 644322
951305 707434
547775 259020
436862 970352
909668 145882
765686 805497
957029 921751
753726 999839
699481 76071
54778 566205
166990 622714
976314 128559
48536 655345
248872 331755
964194 341770
324082 559425
502445 275388
783211 566572
50760 736425
536925 960428
882308 818963
282278 355689
740715 36004
