1000
419433 620964
647673 303960
613774 843448
970333 273391
940473 373936
97808 930870
614689 544232
721265 864465
844926 342884
831297 812353
33137 859968
992248 804480
181272 397768
169262 835113
374883 446465
400935 794317
583782 48609
614629 713908
408409 584962
987299 348882
958898 601459
279753 89940
145692 517370
954405 990618
860255 302054
802972 409744
678374 795220
214224 859646
709340 899838
211111 600576
346303 612047
911245 446437
177008 525874
160346 585417
110836 663997
450652 586086
265457 730405
676026 411149
764127 146783
918119 624382
965190 721091
34126 643564
32663 764702
19563 258356
664540 747026
858932 527196
875425 770177
973633 52433
812403 133979
154203 923239
797977 604855
25677 63434
851612 701704
990935 615739
364839 909054
240122 330029
630146 790600
489946 179161
71655 25861
437517 736195
772887 812801
263391 648313
99330 753377
217098 911733
887356 371301
351324 685333
976156 377002
265119 344120
595058 256054
959860 959897
681461 716334
806279 311607
506934 812577
7120 94941
838438 960990
831137 611325
773791 610880
775990 873122
364257 993089
784855 251614
880742 652532
453299 373251
29534 234771
717371 624592
7177 677231
100841 688638
393565 423472
516597 416852
236049 523718
511793 590839
484708 859282
202165 774851
470163 494507
647973 350772
3948 949181
118738 884691
601713 572038
774294 147599
323161 491665
772191 330338
685249 389384
18977 595166
812857 51926
12018 565258
91996 40164
156098 576704
899446 874615
351556 885961
369122 515881
753086 373071
465062 871824
774114 583127
960214 548408
730726 283375
556425 19269
130066 241674
408654 665395
836841 737863
717321 365211
303121 809318
405375 459219
902374 821174
333834 770282
223487 219309
286164 976573
108732 267578
848398 882846
850706 324964
947606 97784
608340 504031
117054 738406
745706 42060
403801 98899
779923 637474
464110 599396
446792 385838
58616 865519
723364 908802
635801 463203
128111 921965
439777 236843
705896 804527
636041 72954
129491 583647
170738 254183
604031 804144
992589 866089
362556 912742
964988 142479
66569 945450
258228 513361
847640 316844
378880 571004
741998 531034
34208 386462
969351 990337
623305 675247
311216 775699
264553 440707
875698 951644
694891 479729
272140 203832
345818 634697
632927 827158
293528 699496
288961 551756
729209 136601
384952 624442
223958 126951
155476 774518
513413 124827
764855 653070
316427 76071
428769 580980
33130 304468
48976 244373
300549 321117
964558 646368
955814 597485
989878 249342
813333 278839
317451 542542
415441 702403
166984 639399
345706 838812
413917 375471
479992 695124
28542 312771
287547 973663
410103 837029
794483 459080
597755 95033
780197 562313
257753 252363
676150 247631
18057 489483
526471 335508
548377 458264
554264 231714
97663 899970
586878 27932
275442 66870
239408 820336
379641 526955
310351 789745
880336 104835
765177 478091
199868 61726
40404 973973
314089 232906
221604 332146
238741 264427
184007 303471
722691 254623
535185 336706
670945 638415
880990 462739
705286 120398
283075 601279
163705 593427
907376 560394
214614 672553
38485 930834
734279 595242
904807 564720
344500 642763
413219 583242
907191 113578
886713 146234
368201 938250
999293 39146
576665 880283
501886 798303
517034 301313
915935 197091
411092 823311
757485 625706
12217 312323
556540 262848
907565 461347
343921 252065
620463 757140
351659 527654
870718 754724
190240 755271
692974 189533
310769 785992
69817 329007
100647 103203
630321 16582
300294 557765
356246 574132
183472 884815
886455 256364
147663 310372
234064 7936
78789 854527
765076 430449
898533 152146
185173 88773
907417 394500
278307 734539
696844 348124
63546 797491
967679 693867
814074 267973
767985 686672
842105 951457
571487 244912
724173 235502
555284 958237
243439 634074
812764 524867
580875 711297
677014 282400
316423 100783
676900 594730
835322 373744
459206 898869
171236 426885
109088 501662
211210 877073
188334 569668
344882 276173
814580 69056
28027 886217
543645 271466
36643 872762
796334 617518
100411 989700
899918 416834
90483 93171
11564 442158
466915 470770
857379 154503
414007 966467
656165 625218
359893 360851
194886 704775
153376 525818
290183 181404
412035 833829
969222 448678
706591 765556
582548 807002
271608 482467
223837 878444
575638 751753
320602 558905
738876 177981
713409 152883
660800 885926
294453 20693
763130 489339
241821 916506
531510 532004
614262 943545
365833 583485
908576 588776
865393 491124
395779 137002
489943 135968
15446 581933
887721 852400
140839 142949
30381 370600
295833 207533
256526 590286
228227 19656
595978 470048
452515 643840
2052 66777
103737 884238
650262 12313
473014 32008
19790 385145
169010 26085
37465 700808
608019 441539
553208 265210
584488 99941
635810 880321
307474 408688
986960 52053
428345 99290
522101 397212
259482 40506
463989 363219
441096 630604
375533 430462
662612 911675
331960 347974
937760 369425
48782 62131
810964 118342
327341 395453
218283 963151
792126 42109
371840 295438
94163 316537
911080 132616
713749 170562
689474 694090
533782 130570
841046 425667
77385 20010
337342 409345
884336 791454
778770 933118
853586 589735
567812 180927
501540 302447
660431 293666
860909 548623
105457 471424
381512 16537
604040 611613
187100 809867
822055 720882
456789 663102
662901 534174
199464 516595
943519 83801
308049 722290
533271 161635
828377 101084
858915 329917
919883 35698
139935 780792
584321 245392
252216 482185
778282 856257
93798 965382
182476 915853
202616 639265
95307 865517
173440 294772
382112 116959
894925 206513
839249 428196
884501 183978
45632 743416
30247 965516
295466 170183
746308 396139
931927 998525
878324 710209
371134 972122
675591 553610
404327 394559
192875 499635
776428 366315
310759 674892
999627 722036
881406 355228
666584 765907
539207 712217
25675 569454
194085 321141
739637 456745
233632 187917
455270 111956
898126 342756
600430 90070
896366 4757
981 605594
20744 777410
488261 847855
968654 487888
569891 850060
843117 236476
132319 382324
948693 674346
468130 659130
995487 724120
115875 229119
912037 87498
857427 326515
430254 457857
416585 842973
978967 417567
964919 999711
711329 453180
847567 679983
941069 417458
46396 300538
170286 695067
682862 635331
369414 150992
294461 364901
875112 410337
110373 303501
14187 967800
630017 444441
942010 46602
803766 920977
980521 768685
437040 208202
221866 800959
404538 679287
734770 450934
979825 905056
146001 179039
540388 515415
846383 351201
396669 237848
761538 23394
541349 292077
507546 171366
736519 449556
734321 540285
886885 231194
825323 840278
439397 563541
641237 843935
242828 892359
811221 739005
313768 473574
918044 370508
988990 764427
721709 902011
2275 999600
925405 59977
291677 432951
231343 28196
882508 482016
84834 285745
713211 426509
126023 668960
990050 283613
29247 232878
692324 840468
488235 6092
314042 406279
376600 819384
687058 98310
721395 205686
97910 163152
265663 389587
596104 13358
934136 994964
11727 535322
797061 241290
961831 923085
910250 468233
723050 939497
217463 415374
296317 705698
421467 126711
111977 314419
462448 315387
412729 183843
521073 26991
863348 303088
932931 459452
832799 383419
970768 844526
435093 767829
602168 396924
207266 512418
381509 930316
968267 598972
862043 780936
304670 799862
907647 932999
114281 370095
764738 43363
70291 802164
70354 933639
105252 519637
909443 454403
903056 396563
815281 854501
164392 417449
767777 371659
446219 149286
818327 930838
748258 680370
711774 569280
996584 619422
502279 110866
505869 267018
154229 92512
69182 740935
26151 690786
776925 451946
661542 196333
848509 476823
50835 529254
410625 818612
417265 856844
967899 235592
787683 716157
432315 499457
801790 428899
635231 304069
539765 657453
87439 210346
749965 672973
467634 292469
363760 244559
260767 25302
440892 109277
18477 491727
638531 429102
310340 55796
285947 794591
807740 589982
27100 240055
605791 828890
185307 757375
649312 241424
414828 736751
451771 681145
409725 435757
973614 289837
680316 234382
831491 121208
860011 849968
129288 14894
279071 439628
587042 81370
750571 394782
187704 777671
151190 793495
606562 852849
67222 255874
94273 482050
992625 62396
679548 918702
498153 653162
208539 178469
403896 556382
816030 780259
406351 945318
311505 201774
901298 898547
799496 651869
809682 503552
429540 477224
813399 552454
330073 880622
808328 940698
362672 317306
3095 558572
236008 17600
211735 960900
712422 131983
517282 44804
428595 439985
990122 740100
641759 407772
638648 957607
575993 448330
461159 5533
441906 274559
74340 771979
155181 882668
712677 34205
716326 232124
592778 952335
766077 320865
429587 478499
969200 463221
39655 397795
903207 29777
137896 61318
953901 292896
18926 529894
257578 996437
51779 699484
270996 126119
471463 942529
525140 700492
493087 241466
448969 85865
710153 731398
923082 139740
726249 892282
119314 765904
290078 22521
312033 944326
600191 265934
237222 135469
312180 494800
131907 363959
194284 919255
6431 182099
378137 531571
398943 871224
773037 364264
957089 483191
95662 880171
139283 821911
288805 258597
587815 578883
797470 899848
39561 914014
682134 276783
49483 994314
771583 697742
874626 482219
133350 881057
180670 511487
928980 579614
382711 702017
460230 856152
701560 555893
252675 357196
894156 541480
132145 481972
636716 929616
898172 676277
359982 96659
953061 409465
90973 240996
623560 481951
239568 756910
879360 420238
268397 808340
516204 167460
26710 976435
23612 728270
532328 276287
601818 942836
817767 733964
424808 970835
663580 839333
647113 23562
935992 116526
949379 543317
357522 89291
541621 597090
846201 420981
17329 630950
229322 49885
798410 256032
26320 822022
500654 75000
614661 618825
17837 948781
352789 958997
919616 532721
798330 83081
72635 250674
199607 22014
310344 557130
111306 851965
670572 473859
272946 204253
104810 18620
254139 903220
791004 280459
241595 291659
355460 372608
910484 889649
321389 779625
848646 757358
312346 163329
840439 384981
414003 40047
923347 240699
113529 34653
92664 300453
24865 365611
504707 129675
384231 758846
549247 691588
555657 307194
983247 427469
679803 410083
317118 517544
706060 165765
274902 18406
845446 631694
403387 775801
188093 843086
16501 301622
877740 109165
602075 418957
991128 623134
548632 891712
381980 614231
583300 453990
437778 82899
881459 633933
9334 198578
151477 715394
880695 942732
733800 726141
574426 653539
501942 278871
496625 518443
580493 890717
143961 698920
309674 135089
322055 374658
26801 220387
505242 610101
674377 943020
209352 555837
576953 218686
270767 244782
934080 667814
187514 184232
393955 278292
354123 412249
557163 850749
447045 654008
257818 591006
869281 83845
726095 707688
458503 269249
928075 480097
395702 118805
423117 605055
190994 516422
823741 978113
761205 274174
645927 465071
458406 39882
743364 812530
968483 816879
179631 415528
987240 437449
6534 856521
37646 248982
80561 496150
34583 524988
976247 946637
643793 915717
551692 351139
432139 891786
329252 193344
165960 975179
658416 140718
531413 918132
469600 499897
251363 649231
915425 238603
603033 438312
611476 640679
203646 692037
653181 754581
217026 145781
701218 377171
577850 769263
728311 9989
177401 573915
719686 859713
549095 894454
431 80508
812586 986384
96757 580301
151967 528535
818905 271352
966847 946733
912032 686845
155123 81565
957778 372149
743698 658996
265672 321548
944611 510335
331538 122012
84251 567576
981725 149698
462030 498509
746558 790968
484893 843316
371269 636860
371851 706526
908213 855050
653260 336597
58247 808383
934514 16025
696884 678213
191373 478908
999761 652337
989244 847651
774349 589847
415227 272427
255897 877257
770936 2455
184577 772181
362123 555847
925393 250326
262373 349958
105376 431985
686555 679975
756720 137422
696000 453604
815635 403726
932513 331748
56063 438109
179400 830412
544308 594627
619191 800205
988237 390127
319012 172814
678660 197488
245013 604054
447814 23739
954012 69543
455724 156920
749518 212445
294342 961871
182401 626329
881949 631266
958077 938012
69375 137477
284776 130035
732105 903968
446592 236694
810447 281957
409508 489108
479445 654522
93162 443611
678261 563526
29506 650337
720446 779025
379134 531140
257248 561536
157469 139197
192802 115547
77209 778530
769376 878337
424917 17833
782305 871510
254527 109105
669819 664036
598213 665616
834910 207727
109227 29523
771253 138734
679860 8052
434111 575347
539192 207711
136883 213014
346908 846037
844913 940469
140919 614289
818806 565837
632123 117464
953699 886650
742921 623518
67038 857486
805486 418300
65213 914713
447823 352818
569799 644036
877222 520262
219383 416415
727973 872618
145781 74881
235007 990694
531702 375927
604983 866861
458116 237106
500677 928167
640109 243598
551685 707147
101084 873523
125448 682649
788236 89623
35467 874388
733659 912690
394650 469394
845457 122624
342012 991238
713857 577020
498284 245560
469299 103267
628773 927415
856726 129450
855582 496835
373048 923619
720334 990484
797142 362134
673133 101730
451758 224952
976118 701769
653994 887121
171164 15803
9745 29528
523393 239954
122900 21677
1866 592199
641297 630639
519614 498023
760089 891548
511210 649489
815167 231544
639973 128661
110031 829458
230392 561789
54411 722862
779910 224757
609983 951074
240561 136080
496955 280306
376035 619855
301984 377901
212055 459633
8541 248021
957656 284982
655922 468866
934472 987441
216762 90797
116103 326793
920256 862847
404934 491019
585709 184845
715776 712045
652271 472689
848125 149226
269348 740512
285434 87684
118414 13841
547317 643307
778214 504973
928289 434136
490191 379113
421578 706953
469911 537681
550099 390167
400528 955033
397538 502589
139878 629666
214634 308502
102356 579112
457728 888056
319624 259514
975740 954390
273355 523057
114049 51570
28030 558691
2058 34573
937804 423636
741526 924067
477669 807977
