1000
165198 590806
220914 478005
933311 563480
538323 291513
502979 68123
294878 110033
859110 37118
907406 787885
136889 156711
311542 278851
552775 902292
863402 709817
437029 853088
949888 9444
945031 492638
58897 110229
83444 796163
104586 16755
875996 159261
824620 378975
227384 635850
489009 602847
672968 396415
390732 809857
69478 702275
605060 138606
120919 984814
848423 557948
837902 314663
83744 782933
807301 142641
409514 890745
938805 514100
423852 814801
673362 248472
710128 900746
400674 199137
503593 73642
111905 894326
399851 697735
112953 4912
836341 233872
989726 201116
308172 827629
515780 391917
610562 323081
50910 536429
730179 506067
50529 154031
320868 723891
918856 547349
624638 319530
746486 644583
909525 374743
55261 309376
588831 168214
314288 941524
402086 820367
142641 226611
164348 174773
618528 774910
14206 669438
827691 744385
175506 878221
414769 12726
602112 849977
560075 743102
685859 822914
387686 595384
714009 442947
904761 302840
127514 735401
760717 45952
555768 903358
272563 720116
594483 891091
11379 608689
76882 839070
869427 768740
717291 800548
297818 835756
650525 374246
578858 336384
197160 482896
931769 427521
442196 352882
246714 569710
88283 7431
615662 160404
427141 888226
880520 21624
779317 408251
146665 372551
763674 16092
657643 480965
816640 955462
833073 467165
329708 928284
319902 43220
411180 768023
987093 853376
120905 233807
939438 725540
757590 555101
885944 701083
443327 282817
722707 738996
691068 869373
627900 454742
885465 285543
452060 218458
241005 801485
201975 87065
729769 521877
130285 140950
806252 633731
510678 443509
383890 450117
169050 141481
521570 571346
842564 964897
854163 81624
220245 61584
467349 848145
516326 352814
133689 484738
87624 891046
286224 289600
978112 532345
327829 624749
189647 650434
774832 700326
93943 158723
666795 262993
300204 188365
834340 659120
669614 204855
257096 406211
266439 724445
254357 299118
593612 904398
783856 681236
311796 586432
487188 806260
118778 815018
947362 308425
465452 722194
525103 559395
880917 708250
338741 697473
896615 689433
872946 82581
410640 130042
488793 677080
854488 259502
976198 448100
680252 276406
129336 992048
862839 132877
798309 497969
947895 262023
806394 929699
984217 847850
5446 381487
556100 860539
78960 969068
549972 951906
51649 960613
81949 56794
154045 452789
316296 130243
900889 996548
923001 546577
504949 785840
679454 819610
800161 143701
81633 122908
73400 65850
970758 595199
447337 43210
455738 42650
12278 522063
510908 580280
999028 592857
637074 153073
561998 469723
799668 462887
982623 722669
525817 487572
24862 721623
307182 825023
865325 905167
947931 455077
487370 435041
566628 451059
478252 22367
493709 490530
544430 4618
70810 543458
113827 224237
212883 675826
693960 12551
655065 192935
251572 697234
680508 276434
418858 504042
101458 800535
925562 565741
771964 412932
783 338593
380343 995387
877312 390405
485917 421742
395023 73080
481552 25202
297317 694435
217380 507629
223338 388798
216916 474910
86032 897424
751345 21242
917819 369155
338129 359733
451248 626446
289017 968383
481391 669360
963770 358703
59765 966040
780445 971140
39120 778349
996343 852789
472784 730075
876770 212474
118873 93686
687384 721258
507463 955081
742500 941634
324236 80630
301367 291837
223428 590384
260220 704819
259744 740343
63522 835862
706383 360319
807002 261855
138668 319697
114644 127804
49773 507766
340278 168646
601452 27662
889904 108915
982744 148757
566901 823332
745739 868268
631521 969167
975004 408094
673986 751101
148437 253860
586963 371172
614179 910317
633027 752847
230015 264023
397003 279788
771789 737281
964786 373241
281295 371043
998509 780391
36152 565410
120076 781891
433679 751597
267410 925035
159691 457748
676136 824480
711608 779451
195652 842139
689769 828679
111338 919784
92702 508341
715924 864491
761974 680710
754085 43269
568105 752594
823661 604257
834356 943737
902500 784387
211686 169910
709423 887730
627658 385559
712210 855618
165011 424215
697757 371132
769246 809095
290916 378301
833788 6840
759144 595762
203902 513229
639032 288360
782175 979045
892617 616532
439134 795118
400919 167172
481380 110342
54902 625391
12254 283465
481009 693617
707680 695119
64749 993278
20566 872017
371579 370707
395209 130724
966469 599111
160305 121853
887471 942481
617250 296441
75365 56384
607911 476284
223557 89291
102979 794811
714682 631585
78276 712044
325202 302308
923515 906303
295587 460433
294672 183518
831140 689881
314242 313962
288992 990900
435815 692816
449733 53066
989257 525098
625802 597168
517734 849359
686459 620713
644171 917494
252298 238799
145890 93852
541108 585757
516507 353047
46190 811179
536565 393683
501060 367160
707645 306405
358060 143460
999221 807793
712878 988478
332891 338681
101998 366977
704392 304809
987691 348563
738655 756341
103715 884545
366546 644823
986654 399405
997870 32845
210585 50787
426528 227997
417947 650525
534402 292359
793985 49975
616504 23216
554805 949395
361897 656803
832725 582641
477965 820416
447557 216620
93109 551272
617518 976007
196095 604172
375413 710317
153369 585998
277456 96249
330347 211756
746774 864750
504115 57112
914725 120620
80328 985883
586367 958577
642686 419092
541218 120651
755860 505127
853624 848970
56399 471142
824977 768846
591666 200390
995515 745036
302740 272972
357637 149440
484728 104412
14190 505195
677876 445267
625815 274556
947502 728535
749485 590189
147627 807055
227192 903488
312183 80816
268810 368582
68310 610139
137429 659977
326882 132944
921365 145974
922268 279002
295414 923348
383414 825956
428544 577642
787576 570711
852198 735078
299246 601683
325267 963226
408739 68812
383066 720922
665980 651876
605856 250643
778367 259637
910620 105249
392582 348337
251224 831202
627339 546638
754551 527106
372595 699447
104748 676523
270158 473299
411601 85757
74982 736869
48983 73
322033 432049
237347 504365
600277 843204
755008 378644
102841 181980
483894 11775
530317 251470
359330 157657
314460 113881
684763 203407
329680 305863
879930 116190
779162 291532
201947 370497
544753 250930
370570 383138
199331 124270
887503 799608
967474 642512
178253 586667
824492 178499
114795 354810
946321 474125
28819 260781
104358 229934
980541 434038
535797 860471
550228 831312
668355 268528
718161 213108
519458 605083
596246 718790
729353 102
34750 213179
642614 729355
799847 983458
907854 430994
338268 370527
905119 883439
631309 9477
113373 128202
959867 165523
988673 510095
513187 657029
778623 231348
386489 814434
836431 499088
49576 82137
499190 84326
295316 141804
813682 611515
641614 237888
42509 496235
608416 947628
379674 756077
473457 9400
884279 433324
174923 389304
459772 204462
562685 754747
435810 949175
569181 788593
448263 135109
870730 463805
735788 682399
605609 65822
293914 763575
303710 852776
259810 428478
800404 639485
700907 273862
648885 585186
223538 340160
974491 683310
544622 537176
954410 496784
2703 39943
285377 967318
175053 672460
431123 910841
354859 553084
976663 165125
316660 796725
17901 576470
225204 334658
215955 926111
124872 381192
27650 348410
721352 518493
548073 782326
572021 502483
279110 91077
542426 80840
58395 233831
269652 489519
661024 140863
42603 637687
305988 359263
950765 840242
452086 692321
174900 668041
134784 816124
565586 678786
164534 803290
197279 228959
585617 285653
247794 381079
376730 790221
978271 435125
540404 247923
924644 201429
388786 483600
355468 211127
359215 306233
567721 811301
998554 258973
995695 649691
75097 561281
328477 755983
364571 525757
984943 466540
327762 232737
847620 704492
539310 825891
139617 79715
590167 580614
281144 495305
580566 636612
222784 939781
459198 790505
751083 974104
49478 746778
623795 124575
824411 468625
396911 188982
510734 381854
655523 838496
130943 19495
542988 670254
361738 198957
266321 951905
295923 63817
447211 876489
216781 669995
816271 675979
976853 83706
166436 26331
346836 790231
667259 171247
258856 64170
876581 769590
962376 532104
124438 609671
67951 667426
796277 429690
382736 62598
381595 678659
642767 345158
555149 859549
15154 887772
535528 508359
487830 218316
51042 834666
8548 718301
522265 783756
298823 398846
69699 777551
930951 194137
387223 515254
377916 183500
944944 760652
762451 326540
439311 405218
671698 510812
781119 203204
914936 316648
711563 919118
534964 762606
270136 59864
997259 792401
359973 812435
191248 429672
106338 638551
140161 493561
153805 518077
193414 98750
795081 472217
941642 750745
393787 613340
261557 174907
332897 692846
7907 560812
611964 59223
839770 882101
119088 837030
190854 995413
165817 382102
425085 272155
537005 81598
282069 690811
599676 991835
305913 911109
464052 247555
661854 374191
377247 923412
549098 226496
132610 557005
787309 260926
616229 627079
659379 251669
980461 850234
247082 662630
748688 188519
934786 285694
270117 216855
492857 386145
725042 798770
297255 705446
562677 959109
79637 939924
398873 628736
682773 47835
185741 470082
308762 318322
613513 484493
569991 110327
334727 333425
772957 83416
521944 707743
369110 308414
440950 378319
210911 165992
177089 508166
871438 739766
983628 467428
196042 898853
96164 878815
946689 798257
865249 771803
116580 995115
256296 202923
105442 107376
536349 878399
190792 574645
102495 76254
883059 543445
454573 93971
225790 148014
118489 613580
404132 618469
81008 116526
33675 693524
511694 980364
491782 376943
268519 608362
372058 41167
811285 993852
148543 863986
872252 855687
438632 974747
448293 321691
34544 419218
932014 776686
567232 566856
390267 971364
185325 987627
604243 735352
681152 115937
232068 172934
492880 500587
297648 381291
58107 625285
375143 206650
489272 763747
578690 927904
254846 26983
765947 289391
446202 214314
66077 529786
781170 972696
17503 482847
960324 621746
218200 157828
737683 450268
847114 746915
467208 661114
128206 525315
286399 19702
731965 292023
783449 827007
219927 38296
853991 502227
844039 816545
716541 910116
346331 497711
399165 880186
980558 875841
501932 715110
33669 239615
165379 397135
502883 632587
58249 631089
674254 861000
167143 922571
153024 950593
749579 889303
505241 119922
391530 349280
936467 108071
775748 799150
605782 174913
679337 102693
50754 181269
334155 600775
937237 499534
514262 440120
648473 572511
587561 322727
949864 754705
761651 102888
221650 511230
992191 243243
631152 900074
592523 567619
8145 884623
883121 130280
575889 562458
749325 142995
260080 83480
743771 713669
99367 774385
670141 264192
863249 774054
103272 813113
528759 864923
432353 266761
892505 940896
510004 523657
840970 618879
607628 365468
503503 490749
12100 79392
569560 761425
222387 345992
361257 482510
59661 976976
256896 246154
757521 636497
20208 860793
449610 65320
242068 881963
332081 134573
339211 842086
174582 180182
460965 782210
545650 480820
789311 557750
76564 358871
835527 298952
704863 713136
297814 280876
690113 71062
43382 447634
707559 63591
824779 673521
128911 583199
71836 460992
717772 411048
819430 892354
591230 796748
674564 653232
277568 980227
727334 354133
339099 79213
169437 560314
792349 983603
357543 998814
54666 400925
962800 278577
464516 787579
952099 109779
370778 540287
87124 604902
951335 422906
497256 542565
219654 688172
712149 13575
668400 955835
884060 523851
35048 53497
600517 827398
553452 958060
342564 608118
358986 305365
403048 339854
92944 871499
965986 980075
411786 53110
584977 363122
476016 598586
422039 212023
803110 650541
225598 987862
606376 109658
28065 641425
679507 628583
985175 232959
586643 327739
357430 461981
633104 276830
318188 242401
148329 800526
738828 76467
853636 840157
955941 846004
438743 377981
574379 758206
544874 799977
746068 151250
425987 774134
309027 621846
919069 810554
854806 505712
138294 728588
484046 287750
5418 318586
46503 670099
119112 785331
746566 489100
141841 702508
851456 580584
596841 425836
855142 658067
742165 601211
809317 168153
891697 634697
306351 810766
445251 161157
832830 99897
406097 833228
904000 927867
151814 950503
597966 787278
252187 860885
792730 394028
563393 644187
490964 676586
70023 346107
334653 812188
463670 660322
496693 355367
811371 803045
682485 256623
480554 515315
872872 886652
348544 776872
814519 16710
727376 928838
320341 495915
789723 113071
889943 869468
757258 380907
62406 343633
243366 913411
155822 707036
573733 652515
578755 385105
455560 261240
158080 936115
776556 30952
339119 641452
807825 669990
174514 51553
598828 494855
63820 904903
124279 953763
774371 881537
851022 836777
741523 94389
750188 897345
317777 840274
66212 896533
741731 38125
157773 416163
490592 450681
447115 829711
92133 771292
16053 266648
339197 614882
277855 403017
36137 402134
873132 810509
800024 724155
163638 541547
334896 430179
438892 169025
786805 21456
65558 528536
59581 739684
944699 550173
190365 908166
896236 282499
195811 912290
65499 535008
43524 343354
454378 79661
261841 327510
406522 61865
568017 86513
603412 902913
516692 558656
588291 819849
580112 653849
348385 156046
393533 809436
222571 100251
717602 118808
899102 913413
547450 964601
964774 107326
824307 419152
703339 86148
746662 626214
148013 831032
712727 267777
733945 745771
826433 322236
565620 922898
492438 430357
595296 402323
239793 817867
502574 473747
453027 401676
387161 477
882629 868287
624155 706937
803791 327495
309437 66805
953709 973803
897837 182788
241580 148135
928559 584366
986723 10531
507264 479161
440888 102560
397837 680681
436779 416763
154428 889807
334792 57941
890284 217421
926228 514440
440710 246371
358287 266500
313177 828348
240303 211014
11136 481883
359149 456047
66249 345873
466578 89865
341386 907466
708777 739223
588147 145557
155987 258927
35364 490779
316869 442000
224552 759449
472792 181615
5821 831079
448115 835350
659427 688418
46364 186915
170301 405514
642962 752903
267739 109540
359120 609125
